1 981 3745 4561 
4 2422 2423 4601 
25 39 434 439 
29 35 4578 
33 99 443 444 547 664 715 1675 4088 4568 2842 3419 
60 1588 2138 2533 2827 2664 
78 717 2240 4807 253 
81 691 3033 
82 973 1357 1609 3503 
85 4496 4582 
105 3897 4019 
125 1367 2321 2326 
139 759 1798 3081 4570 1761 
147 217 295 438 787 1752 2741 3118 3702 3876 4311 4655 
163 198 2701 
173 411 557 
175 740 921 1137 1173 1355 1482 2004 2095 2184 2471 2526 2818 3627 3781 4755 1094 4478 2097 1290 2964 
183 3316 3493 
186 1974 2718 3147 3200 976 
191 3305 3716 
197 220 229 866 3984 
231 681 1987 2856 
246 414 454 473 615 652 840 1568 1659 1704 1732 1791 1795 2016 2034 2071 2283 2324 2341 2360 2432 2454 2472 2524 2540 2546 2565 2628 2636 2682 2953 3076 3170 3335 3590 3859 4032 4300 4324 4771 4817 4846 4857 
276 1937 4508 
291 1662 2205 3017 3452 3594 4280 1763 3733 
306 1458 4099 4505 
315 372 616 695 1323 1450 1711 1813 3038 3307 3433 4391 
340 1689 2182 2547 3321 4348 3560 
373 790 1385 1747 1986 1276 2383 
377 446 1579 3711 
427 1334 2084 
437 3661 4579 
447 2288 3467 
455 711 4198 
482 590 768 1183 3035 4427 4591 4158 
513 675 2332 4546 
537 1004 2995 3019 
542 127 4040 4209 
545 1976 4794 4805 732 2885 
550 648 807 997 1308 1353 1533 1534 1783 
552 1045 2296 2655 3798 3249 3251 
605 876 2429 2828 
610 3847 3888 
613 642 1058 1847 2268 2297 3048 3753 4740 
623 1692 4696 
626 1027 4603 
628 1717 4146 
630 684 2234 2307 
704 2096 3113 1231 
714 4515 4522 
731 1622 2522 
767 1106 1128 2204 4169 
773 3278 3562 4247 
804 2649 4132 
829 2301 2302 3058 3486 4026 
843 846 1032 
853 2220 3489 
873 1210 2064 
1007 945 1442 1460 
1012 1750 2667 
1024 1197 1755 
1025 2085 3223 
1033 2497 4117 
1041 1079 1782 1042 4049 
1063 2052 2724 3743 3925 4281 
1100 1883 3168 4621 
1102 1223 1708 3498 2808 
1107 1505 1646 4161 
1153 1314 1471 
1189 3029 3258 
1193 2646 2876 3508 
1198 1823 2102 4849 
1232 2212 2377 3437 3989 
1311 1312 1432 
1317 3116 4265 
1336 2295 3501 3643 
1363 2793 3037 3247 
1459 4611 4612 
1508 2051 4631 
1628 2764 3763 
1685 1870 2028 3198 
1713 2003 2987 3270 
1718 1719 3026 4308 
1741 2967 3904 
1824 3476 4606 
1828 1860 2683 4298 
1869 2435 4431 
1891 2997 4327 4405 
1900 87 4497 
1938 2257 2258 
2080 2549 2576 
2192 3222 3668 
2208 2339 2380 3447 3746 
2246 974 2330 4398 
2260 2300 2797 2198 
2269 2651 3427 4176 4635 
2355 1319 1614 4598 
2363 3132 4140 4143 
2365 2845 4429 
2371 646 3108 3706 
2373 1673 3466 
2379 502 1796 
2399 287 2618 
2457 2706 3490 
2458 2551 2678 
2552 2559 2878 4071 
2777 1676 4152 
2835 4493 4626 
2913 3930 4185 
2961 2059 3639 
2963 4808 4809 
3078 1069 4403 
3142 3177 3422 
3193 2309 2981 
3288 1332 4018 
3424 3423 3502 
3741 4617 4651 
3749 1619 3751 
3774 1831 2786 
3861 142 1258 
3986 2334 2492 
4128 2389 3666 
4227 157 4639 
4321 966 1600 
4361 2364 4502 
4415 1734 3367 
4658 1040 4855 
4843 1546 2566 
