0 32 708 1033 
7 29 49 56 104 161 173 176 182 204 209 210 221 225 231 237 258 260 272 286 289 291 292 296 306 313 320 331 332 333 335 342 347 348 349 350 373 382 384 398 403 435 446 457 468 478 481 513 517 530 532 533 534 554 557 558 564 572 583 593 595 596 601 607 608 609 617 621 622 655 658 660 664 665 669 675 711 714 718 739 759 773 777 778 813 858 890 902 903 904 920 931 933 940 944 945 950 959 997 998 1001 1008 1017 281 311 374 489 17 483 681 960 966 1046 163 175 381 982 389 618 51 742 409 519 995 
16 79 586 
25 589 866 
35 571 611 685 725 727 772 921 594 776 632 701 
43 484 1058 
53 55 65 112 244 485 999 1000 667 99 683 
64 90 192 280 566 801 896 1057 688 909 1020 82 388 266 927 408 
73 309 310 
87 101 443 
98 495 496 
100 171 217 288 653 677 695 721 740 747 822 1061 879 1037 
108 11 624 
120 168 404 684 841 842 
123 145 146 
129 687 768 324 
196 194 277 169 
197 444 568 
198 199 699 
205 603 881 454 
245 144 641 
247 116 543 820 
269 488 717 
278 340 694 417 
283 284 968 1012 969 
363 319 755 33 
364 263 934 
430 59 764 
433 894 937 
473 476 1036 
508 829 917 
544 561 824 
553 612 613 1035 
555 156 616 
1019 823 1018 
1042 696 788 
