10 91 276 281 1662 2203 
42 58 220 1459 1635 1636 2011 2014 2051 2608 2969 3170 
65 1125 1549 1961 
122 222 567 1917 2602 
125 1298 1700 2550 
163 322 497 666 1013 2004 2779 2994 
260 384 1122 1155 1195 1238 367 383 3007 234 
268 269 966 
318 1366 1457 1934 
378 788 1327 2063 
405 2264 2538 2607 
424 1144 1525 1861 1832 
425 1643 1644 
463 464 1970 
475 1192 1250 1409 1610 1661 1797 
490 1329 1371 1407 1517 1751 2720 
527 605 773 1839 2694 
578 579 1437 
620 803 3111 
629 1988 2044 
745 1999 3167 2331 
759 955 2531 
774 2179 2895 
777 1634 2015 3022 
801 1338 1425 2254 
845 1199 2942 
883 1228 1498 
948 996 1374 1603 1604 1605 3025 3169 995 
1137 2511 2866 
1171 1231 2378 
1204 1285 2776 
1209 1947 2508 
1274 1334 1600 2043 2299 
1302 1959 3104 
1317 1668 2486 217 
1345 259 3114 
1383 3125 3238 2528 3117 
1477 1478 1909 
1524 2158 2278 2489 2692 2145 2159 3102 
1627 1820 2882 
1667 1965 2396 
1708 1874 1927 2066 3134 
1711 2117 3172 
1830 279 2778 
1834 1948 1993 
2127 2206 2207 2505 3135 3268 
2343 533 2437 2984 
2397 2540 3119 3136 
