10 276 1662 2203 
42 58 220 1459 1635 1636 2011 2014 2051 2608 2969 3170 
122 222 567 1917 
163 322 497 666 1013 2004 2779 
260 384 1122 1155 1195 
318 1366 1457 1934 
378 788 1327 
405 2264 2538 2607 
425 1643 1644 
463 464 1970 
475 1409 1661 1797 
490 1329 1371 1407 1517 1751 2720 
527 773 1839 2694 
948 1374 1603 1604 1605 
996 3025 3169 
1144 1525 1832 1861 
1209 1947 2508 
1317 1668 2486 
1334 1600 2043 2299 
1383 3125 3238 
1627 1820 2882 
1667 1965 2396 
1708 1874 1927 2066 3134 
1948 1834 1993 
2127 2206 2207 2505 3268 
2158 2278 2489 2692 3102 
2397 2540 3119 3136 
2942 845 1199 
