21 27 2637 3608 
26 633 4096 137 728 2270 
29 712 895 951 3548 4198 990 
32 498 4068 
33 35 1344 2256 3390 4013 
34 1101 1581 2855 4093 898 1648 2119 
41 183 1510 2373 
43 1622 2803 110 666 
69 701 2347 4211 
77 194 212 388 673 894 1295 1472 1768 1854 2086 2316 2421 2568 2569 3058 3193 3383 3433 3614 3647 3680 3878 3911 3898 1536 
104 4311 4318 
132 1431 2603 2743 2797 
138 494 818 817 
142 218 652 2193 2648 2155 3394 
145 566 608 2149 3423 
158 1192 2141 4233 
163 606 2138 122 
173 1075 1957 
191 2609 2661 
200 963 1580 3293 4072 4102 4106 
241 791 1449 2722 3000 3076 4125 1838 2072 
244 607 2293 4003 3570 
254 2096 2139 
259 928 1270 1524 2057 2091 2125 2813 3069 3086 3485 3652 2413 3895 2088 2580 1616 
261 579 2814 3891 
283 454 547 778 1097 1117 1280 1409 1601 2573 2907 3628 3642 3677 3773 3850 4139 
284 3110 3627 3629 4187 
290 3145 4290 
294 2559 4087 
305 316 523 625 749 922 1361 1444 2485 2551 2778 2798 3123 3343 3760 4135 4178 
327 4109 4111 
342 593 754 1665 1877 2249 3927 3992 4008 
343 2428 3921 3922 4027 
352 1833 2309 3625 
358 52 4185 
364 456 2079 3998 
367 591 904 2664 2678 
374 446 463 514 1887 2375 3121 3395 3844 4148 
395 472 686 2493 2048 439 
397 989 1883 3336 
403 690 710 725 1250 1607 2482 2699 2700 4119 
408 1668 1757 2191 
418 812 2741 2779 977 4092 
435 935 2393 
457 458 459 1099 1197 1700 
484 381 2692 
492 2261 2644 
502 1252 3101 3833 3924 2670 
525 1658 2415 
541 1713 2075 
543 2975 3545 2836 
544 1501 2936 
548 1272 1566 1944 2834 4019 
558 2345 2403 
559 2414 3917 
561 1435 2738 
588 855 1596 1590 
589 1829 2098 
592 2068 2177 
605 295 996 2140 
610 1645 3495 
618 870 1770 2352 2351 
626 1439 4147 
628 723 2067 2451 2689 3556 3820 
643 3418 3859 
649 1422 1690 3249 
700 827 1172 1181 2323 
721 1640 2329 2474 2662 3505 4321 
722 2370 2420 2579 
729 2145 2702 4000 
734 1357 1454 3036 4071 1881 
763 1261 2229 2422 4017 
810 1368 1766 1800 2729 3664 
856 651 2719 3596 
865 251 3140 
874 108 1460 1672 2053 1459 
897 1780 2008 
899 3163 3324 3348 4299 
901 2200 2477 2488 3381 
903 2271 2652 3196 2338 
918 1749 2884 1493 2124 3246 1009 
953 2175 3366 
955 1447 2087 3271 
958 1229 1586 1852 2427 3595 4116 
965 2336 2684 3420 
972 232 4168 
974 1592 2556 3295 4317 
1056 1232 2192 2725 
1098 1618 4152 
1170 1641 2243 
1173 2940 3365 
1182 2150 3876 3929 3945 
1218 1488 2874 2665 
1256 2508 4183 
1262 2070 2189 
1265 2554 3542 3543 
1273 1274 2199 3257 
1276 2101 2589 
1287 2389 4293 3098 
1289 1804 2392 
1463 153 1613 2790 3471 4104 
1492 2262 3633 
1517 1518 2151 2152 2781 2891 2911 2912 2938 2903 
1557 2111 4173 
1762 2160 2894 3112 
1779 3404 4300 
1796 3330 4107 
1897 2102 2103 3364 4031 
2046 206 282 2045 2877 
2058 3313 3597 4034 
2063 2120 2941 
2071 2489 2687 4037 
2112 2302 3497 3609 4289 
2183 2796 3088 
2198 4176 4197 
2223 308 1318 
2244 3337 3338 
2247 2368 2540 3347 
2321 2374 2396 3602 3721 3951 
2344 2458 2536 2596 
2423 2424 3593 4254 
2464 1235 2065 
2516 4006 4007 
2539 2811 3536 4036 
2552 2937 3834 
2553 3829 4162 
2565 2604 3912 942 
2649 3695 4190 
2656 2033 4049 
2674 2688 2843 
2767 2773 3853 
2831 3012 3812 3103 
2888 2939 4170 4304 
2927 25 2401 
3229 2044 2574 
3411 3412 3792 
3712 993 2948 
3740 2709 4051 
3973 2587 4172 
3975 3976 4069 
4012 2476 3360 
