21 27 2637 
26 633 4096 
29 712 895 951 3548 
32 498 4068 
33 35 1344 2256 3390 4013 
34 2855 4093 1101 1581 
41 183 1510 2373 
69 701 2347 4211 
77 194 212 388 673 894 1295 1472 1768 1854 2086 2316 2421 2568 2569 3383 3614 3647 3878 3911 
104 4311 4318 
132 1431 2603 2743 2797 
137 728 4032 934 
138 494 818 
142 2193 2648 218 2155 3394 
145 608 2149 3423 
158 1192 2141 4233 
200 963 1580 3293 4072 4106 4102 
241 791 1449 3000 3076 2722 
244 2293 4003 
254 2096 2139 
259 928 1270 1524 2057 2125 2813 3069 3086 3485 3652 2091 
283 778 1097 1117 1280 2573 2907 3628 3642 3677 1601 4139 454 
284 3110 3627 
290 3145 4290 
294 2559 4087 
305 316 523 625 749 922 1361 1444 2485 2551 2778 2798 3123 3343 3760 4135 4178 
327 4109 4111 
342 593 754 1665 1877 2249 3927 3992 4008 
343 3922 4027 2428 3921 
364 456 2079 3998 
367 904 2664 2678 
374 463 514 2375 3395 446 3121 
403 690 1250 2482 2699 2700 710 
408 1668 1757 2191 
418 812 2741 2779 977 4092 
435 935 2393 
458 459 1099 1197 1700 
484 381 2692 
541 1713 2075 
548 1566 1944 4019 1272 
561 1435 2738 
588 855 1597 
592 2068 2177 
606 163 2138 
610 1645 3495 
626 1439 4147 
628 723 2067 2451 2689 3556 3820 
700 1181 2323 
721 1640 2329 2474 3505 
722 2370 2420 2579 
763 1261 2422 4017 
810 1368 1766 1800 2729 3664 
874 1459 1460 
898 1648 2119 
899 3163 3324 4299 3348 
901 2200 2477 2488 3381 
903 2652 3196 2271 2338 
953 2175 3366 
955 1447 2087 3271 
958 1229 1586 4116 
965 2336 2684 3420 
974 1592 2556 4317 
989 1883 3336 397 
1056 1232 2192 2725 
1098 1618 4152 
1170 1641 2243 
1173 2940 3365 
1218 1488 2874 2665 
1256 2508 4183 
1262 2070 2189 
1273 1274 2199 3257 
1276 2101 2589 
1289 1804 2392 
1311 1627 3097 
1422 1690 3249 
1454 734 1357 3036 
1463 2790 3471 1613 
1492 2262 3633 
1517 1518 2151 2911 2938 2152 2781 2891 2912 
1557 2111 4173 
1749 1493 2124 2884 
1762 2160 2894 3112 
1770 2351 2352 
1779 3404 4300 
1833 352 1942 2309 
1852 2427 3595 
1887 3844 4148 
1897 2102 2103 3364 4031 
2045 2046 2877 206 
2058 3313 3597 4034 
2071 2687 4037 
2112 2302 3497 3609 4289 
2120 2063 2941 
2145 729 2702 4000 
2150 3876 3929 3945 
2198 4176 4197 
2247 2368 2540 3347 
2321 2374 2396 3602 3721 3951 
2344 2458 2596 
2389 3098 4293 1287 4262 
2403 558 2345 
2423 2424 4254 3593 
2464 1042 2065 
2516 4006 4007 
2539 3536 4036 2811 
2552 2937 3834 
2553 3829 4162 
2565 2604 3912 
2674 2688 2843 
2767 2773 3853 
2796 2183 3088 
2888 2939 4170 4304 
3411 3412 3792 
3712 993 2948 
3833 502 2670 
3898 1764 3892 
3975 3976 4069 
