11 12 13 
14 15 16 17 18 19 
36 37 38 
41 42 43 
59 58 60 
62 87 136 
118 119 120 121 122 123 
128 127 129 
137 138 139 140 141 
155 154 160 161 164 156 159 162 157 158 
166 167 168 
178 179 180 181 182 183 
185 186 187 188 
194 195 196 197 198 199 200 201 202 203 204 
205 206 207 208 
225 226 227 
273 540 617 
294 293 295 
306 307 308 
343 342 344 
364 365 366 367 
389 390 391 
393 392 394 
401 402 403 
593 594 595 
623 622 1009 
640 641 642 643 
646 647 648 
658 659 660 
662 663 664 
686 687 777 776 778 
693 694 695 
709 710 714 711 712 713 
737 1064 1065 
758 759 760 761 
791 792 793 794 
813 812 860 
852 940 953 
932 933 945 939 
936 937 938 
947 948 949 
957 956 958 
959 960 961 
971 972 973 974 
988 989 990 
1020 250 627 
1024 1025 1026 1027 1028 1029 1030 1034 1031 1032 
