4 2422 2423 4601 
25 39 434 439 
29 35 4578 
33 99 443 444 547 664 715 1675 4568 4088 
60 1588 2138 2533 2827 
78 717 2240 4807 253 
82 973 1357 1609 3503 
85 4496 4582 
125 1367 2321 2326 
139 759 1798 4570 3081 
147 217 295 438 787 2741 3118 3702 3876 4311 4655 
163 198 2701 
175 1173 2095 2526 3627 4755 2184 1355 
183 3316 3493 
186 1974 3147 3200 
191 3305 3716 
197 220 229 866 3984 
231 414 681 1987 2856 4771 
246 454 473 615 652 840 1568 1659 1704 1732 1791 1795 2016 2034 2283 2324 2341 2432 2454 2472 2524 2540 2546 2565 2628 2636 2682 2953 3076 3170 3335 3590 3859 4032 4300 4324 4817 4846 4857 
276 1937 4508 
291 1662 2205 3017 3594 
306 1458 4099 4505 
315 372 695 1323 1450 1711 1813 3038 3307 3433 4391 
340 1689 2547 
377 446 1579 3711 
437 3661 4579 
447 2288 3467 
455 711 4198 
482 768 1183 4427 
513 675 2332 4546 
537 1004 2995 3019 
542 4040 4209 
550 807 997 1353 1533 1534 
552 2296 2655 3798 1045 3249 3251 
590 3035 4158 4591 
613 642 1058 1847 2268 2297 3048 3753 4740 
623 1692 4696 
626 1027 4603 
628 1717 4146 
630 2234 2307 
704 2096 3113 
714 4515 4522 
732 1976 2885 4794 4805 
767 1106 1128 2204 4169 
790 1385 1747 1986 
829 2301 2302 3058 3486 4026 
843 846 1032 
853 2220 3489 
876 2429 2828 605 
1012 1750 2667 
1024 1197 1755 
1025 2085 3223 
1033 2497 4117 
1041 1079 1782 1042 4049 
1063 2052 2724 3925 4281 
1102 1223 1708 
1153 1314 1471 
1193 2646 2876 3508 
1198 1823 2102 
1232 2212 2377 3437 
1311 1312 1432 
1317 3116 4265 
1336 2295 3501 3643 
1363 2793 3037 3247 
1459 4611 4612 
1508 2051 4631 
1628 2764 3763 
1685 1870 2028 3198 
1713 2003 2987 3270 
1718 1719 3026 4308 
1741 2967 3904 
1743 329 4575 
1763 3452 3733 4280 
1824 3476 4606 
1828 1860 2683 4298 
1891 2997 4327 4405 
1938 2257 2258 
2182 3321 4348 
2192 3222 3668 
2208 2339 2380 3746 
2260 2300 2797 2198 
2269 2651 4176 4635 
2355 1614 4598 
2365 2845 4429 
2457 2706 3490 
2552 2559 4071 2878 
2777 1676 4152 
2835 4493 4626 
2913 3930 4185 
2963 4808 4809 
3029 1189 3258 
3033 81 691 
3142 3177 3422 
3532 676 1716 
3706 2371 3108 
3986 2334 2492 
4019 105 3897 
4132 804 2649 
4361 2364 4502 
