1 981 3745 3780 
4 2422 2423 4601 
25 39 434 439 
29 35 4578 
33 99 443 444 547 664 715 1675 3674 4088 4568 2842 3419 
60 1588 2138 2533 2827 2664 
78 717 2240 4807 253 
81 691 3033 
82 973 1357 1609 3503 1647 
85 4496 4582 
87 1900 4497 4586 
105 3897 4019 
125 1367 2321 2326 
127 542 4040 4209 4679 
135 921 1094 2004 2663 4294 4478 175 265 740 891 1137 1290 1482 2095 2097 2184 2471 2526 2818 2964 3086 3627 3781 4755 1173 1355 2427 3762 97 3051 3831 322 
139 759 1798 3081 4570 1761 
147 217 295 438 787 1362 1752 2614 2741 3118 3702 3876 4311 4655 
163 198 2701 
173 411 557 676 1716 3532 
183 3316 3493 
186 976 1974 2718 3147 3200 
191 3305 3716 
197 220 229 866 3984 
231 246 414 454 473 615 652 681 840 1659 1704 1732 1791 1795 1987 2016 2283 2324 2341 2360 2432 2454 2472 2524 2540 2546 2628 2682 2856 2953 3076 3170 3590 3859 4300 4324 4771 4817 4846 4857 1568 2034 2071 2464 2565 2625 2636 3267 3335 4012 4025 4032 
276 1920 1937 4508 
287 2399 2618 2830 790 1385 1747 1986 373 1276 2383 
291 1059 1281 1662 1763 2205 3017 3452 3594 3733 4280 
306 1458 4099 4505 
315 372 616 695 1323 1450 1711 1813 2235 3038 3307 3433 4391 
329 1743 1852 4575 2053 
340 1689 2182 2547 3321 4348 3560 
343 3128 4769 
377 446 1579 3711 
381 2881 3956 2948 
420 2574 3085 
427 1334 2084 
437 3661 4579 
447 2288 3467 
455 711 4198 
482 590 768 1363 2793 3035 4158 4427 4591 3037 3247 
513 675 2332 4546 
537 1004 2995 3019 
545 732 1976 2885 4794 4805 
550 648 807 997 1308 1353 1533 1534 1783 
552 1045 2296 2655 3251 3798 3249 
583 582 2504 
605 876 2429 2828 
610 3847 3888 2413 
613 642 1058 1847 2268 2297 3048 3753 4740 
623 1692 4696 
624 2316 3176 
626 1027 4603 
628 1717 4146 
630 684 2234 2307 4605 
646 2371 3706 3108 2253 
704 1231 2096 3113 1849 3999 
714 4515 4522 2991 3839 
767 1106 1128 2204 4169 
773 3278 3562 4247 
829 2301 2302 3058 3486 4026 
843 846 1032 
853 2220 3489 
873 1210 2064 
966 1600 4321 
974 2246 2330 4398 
1012 1750 2667 
1023 2601 4834 239 
1024 1197 1755 
1025 2085 3223 
1033 2497 4117 145 
1041 1042 1079 1782 4049 
1062 1902 2721 
1063 1831 2052 2724 3743 3925 3975 4281 4614 
1100 1883 3168 4621 
1102 1223 2808 3498 1708 
1107 1505 1646 4161 
1126 1868 2889 
1153 1314 1471 
1189 3029 3258 
1193 2646 2876 3508 
1198 1823 2102 4849 
1214 1376 2482 
1232 2212 2377 3437 3989 
1311 1312 1432 
1317 3116 4265 
1319 2355 3630 1614 4598 
1336 2295 3501 3643 
1397 1563 2697 3003 
1459 4611 4612 2463 
1460 512 1007 1186 1442 
1508 2051 4501 4631 
1522 1901 2276 
1587 2309 4267 3193 
1619 3749 3751 
1628 2764 3763 
1676 2777 4152 
1685 1870 2028 3198 2047 3971 
1713 2003 2987 3270 
1718 1719 3026 4308 
1734 1084 3367 4415 
1741 2734 2967 3904 
1774 1905 2439 4738 1869 2435 4431 
1824 3476 4606 
1828 1860 2683 4298 
1881 211 1759 
1888 3101 3801 
1891 2997 4327 4405 
1938 2257 2258 
1977 808 1949 
2077 2897 3117 
2080 2549 2576 
2192 3222 3668 
2194 1889 1935 
2198 2260 2300 2797 
2208 2339 2380 3447 3746 
2269 2651 3427 4176 4635 
2299 3683 3969 
2334 2492 3986 2896 
2350 2230 3650 
2363 3132 4140 4143 
2364 4361 4502 
2365 2845 4429 
2373 1673 3466 
2379 502 1796 
2389 3666 4128 
2457 2706 3490 
2458 2551 2678 842 
2552 2559 2878 4071 
2610 150 2517 2609 
2611 1021 3382 
2649 804 4132 4661 
2835 4493 4626 
2874 2695 2875 
2913 3930 4185 
2945 2990 4812 
2961 2059 3639 
2963 4808 4809 
3078 1069 4403 
3142 3177 3422 
3203 136 1026 
3287 4387 4511 
3288 1332 4018 
3741 4617 4651 
3838 4264 4671 
3953 3245 4630 
4001 614 2209 
4055 3381 3421 
4227 157 4639 
4249 3878 4660 
4453 179 2931 
4658 1040 4855 
4843 1546 2566 
4856 2915 4243 
