1 981 3745 3780 
4 2422 2423 4111 4601 
25 39 434 439 
29 35 4578 
33 99 334 443 444 547 664 715 1675 2842 3419 3674 4088 4568 
36 625 4057 
60 1588 2138 2533 2664 2827 
78 717 2240 4807 253 
81 691 3033 
82 973 1357 1609 3503 1326 
83 1243 1827 
85 4496 4582 
87 1900 4497 4586 
97 135 175 265 568 740 891 921 1094 1137 1173 1290 1350 1482 2004 2095 2097 2184 2427 2471 2526 2542 2663 2768 2818 2964 3051 3086 3627 3762 3781 3831 4294 4478 4755 1355 113 230 322 870 940 1681 2390 2486 4468 4668 1320 4623 2735 1221 1583 1878 2928 2315 3802 
105 3897 4019 
125 1367 2321 2326 
127 542 2596 3617 4040 4209 4679 
136 1026 3203 
139 759 1761 1798 3081 4570 
145 1033 2497 4117 
147 217 295 438 787 1362 1752 2614 2741 3118 3702 3876 4311 4655 
150 2609 2610 2517 
163 198 2701 
173 411 557 676 1716 1932 3532 1730 
183 3316 3493 
186 976 1974 2718 3147 3200 
191 3305 3716 
197 220 229 866 3984 
206 1025 2085 3223 
231 246 414 454 473 615 652 681 840 1568 1659 1704 1732 1791 1795 1987 2016 2034 2283 2324 2341 2360 2432 2454 2472 2524 2540 2546 2565 2628 2636 2682 2856 2953 3076 3170 3335 3590 3859 4032 4300 4324 4771 4817 4846 4857 492 984 2071 2464 2625 3267 4012 4025 
239 1023 2601 4834 
276 1920 1937 4508 
287 373 790 1276 1385 1747 1986 2399 2618 2830 2383 
291 1059 1281 1662 1763 2205 3017 3452 3568 3594 3733 4280 
306 1458 4099 4505 
315 372 616 695 926 1323 1450 1711 1813 2235 3038 3307 3433 4391 
329 1743 1852 2053 4575 
340 1689 2182 2547 3321 3560 4348 
343 3128 3509 4769 3875 
377 446 1579 3711 
381 2881 3956 2948 
420 2574 3085 
427 1334 2084 
437 3661 4579 
447 2288 3467 
455 711 3348 4198 
482 590 768 1183 1363 2793 3035 3037 3247 4158 4427 4591 4119 
489 804 4132 4661 2649 1934 
494 707 2006 
502 1796 2379 
512 1007 1186 1442 1460 1462 4185 3930 2913 3601 
513 675 2332 4546 
537 1004 2995 3019 
545 732 1976 2885 4794 4805 1771 
550 648 807 997 1308 1353 1533 1534 1783 124 
552 1045 2296 2655 3249 3251 3798 
582 583 2504 
597 1288 2871 
605 876 2429 2670 2828 
610 2078 2329 3888 2413 3847 
613 642 1058 1428 1847 2268 2297 3048 3753 4420 4740 
623 1692 4002 4696 
624 2316 3176 3814 4524 
626 1027 4603 1168 
628 1717 4146 
630 684 2234 2307 4605 
646 2371 3108 3706 
688 1063 1831 2052 2724 3743 3925 4281 1611 2369 3975 4614 1061 2786 4260 3774 4144 3673 1277 
704 1231 1849 2096 3113 3999 
714 4515 4522 2991 3839 
731 1622 2522 3119 
767 1106 1128 2204 4169 
773 3278 3562 4247 
801 1135 3110 
829 2301 2302 2581 3058 3486 4026 156 
843 846 1032 
853 2220 3489 
873 1189 1210 2064 3029 3258 4155 
966 1600 4321 1368 
974 2246 2330 4398 
1009 1102 1223 1708 2936 2808 3080 2519 3498 
1012 1750 2667 
1024 1197 1755 
1041 1042 1079 1782 4049 
1062 1902 2721 
1069 3078 4403 
1100 1883 3168 4621 
1107 1505 1646 4161 
1126 1760 1868 2044 2889 
1153 1314 1471 
1193 2646 2876 3508 
1198 1823 2102 4849 
1206 2761 4654 
1214 1376 2482 1925 
1232 2212 2377 3437 3989 
1268 2744 4686 
1306 1872 3846 4851 3286 3633 2641 
1307 2988 4349 
1311 1312 1432 
1317 3116 4265 
1332 3288 4018 
1336 2295 3501 3643 
1374 1410 2877 4673 
1392 1956 3721 
1397 1563 2697 3003 3882 
1407 4808 4809 2963 
1459 2463 4611 4612 
1508 2051 4501 4631 
1522 1901 2276 
1523 1524 1897 3367 1734 4415 
1587 2309 3193 4267 
1619 3749 3751 
1628 2764 3763 
1658 1864 2708 
1676 2777 4152 3241 
1685 1870 2028 2047 3198 3971 
1713 2003 2987 3270 
1718 1719 3026 4308 
1741 2734 2967 3350 3904 
1772 2397 2946 3740 4263 
1774 1905 2289 2439 4738 1869 2435 4431 
1808 3642 4732 
1824 3476 4606 3041 
1828 1860 2683 4298 
1867 3039 4073 
1881 211 1759 
1888 3101 3801 
1889 1935 2194 4677 
1891 2997 4327 4405 
1938 2257 2258 
1977 808 1949 4600 
2059 2961 3639 
2077 2897 3117 
2080 2549 2576 
2192 3222 3668 
2198 2260 2300 2797 
2208 2339 2380 3447 3746 4557 
2269 2651 3427 4176 4635 
2299 3683 3969 
2334 2492 3986 2896 
2350 1598 3650 
2355 1614 4598 2277 
2363 3132 4140 4143 
2364 4361 4502 
2365 2845 4429 
2373 1673 3466 
2389 3666 4128 
2457 2706 3490 
2458 2551 2678 842 
2515 2459 3983 
2552 2559 2878 4071 
2608 416 4759 
2611 1021 3382 
2689 2346 3768 4236 
2760 152 4552 
2788 2445 4416 
2791 2353 3478 
2835 4493 4626 
2874 2695 2875 
2945 2990 4812 
3015 3075 3310 
3028 1757 2112 
3142 3177 3422 
3266 422 4739 413 
3287 4387 4511 
3684 1217 1975 
3741 4617 4651 
3747 3766 4551 
3808 1424 4255 
3838 4264 4671 
3878 4249 4660 831 
4001 614 2209 
4055 3381 3421 3459 
4227 157 507 
4453 179 2931 
4528 28 3488 4526 
4658 1040 4855 
4700 1610 2333 
4843 1546 2566 
4856 2915 4243 
