4 2422 2423 4601 
25 39 434 
85 4496 4582 
99 715 4568 443 664 1675 547 
125 1367 2321 2326 
147 295 787 2741 3118 3876 4311 
183 3316 3493 
191 3305 3716 
197 220 229 866 3984 
217 3702 4655 
231 681 1987 2856 
246 454 473 615 652 840 1659 1704 1732 1791 1795 2016 2283 2324 2341 2432 2454 2472 2524 2540 2546 2628 2682 2953 3076 3170 3590 3859 4300 4324 4817 4846 4857 
276 1937 4508 
291 2205 3594 
306 1458 4099 4505 
315 372 1323 1711 3433 4391 
340 1689 2547 
377 446 1579 3711 
437 3661 4579 
447 2288 3467 
482 768 4427 
513 675 2332 
537 1004 2995 3019 
550 807 1353 1534 1533 997 
552 2655 3798 
613 1847 2268 2297 3048 3753 4740 
623 1692 4696 
732 1976 2885 4794 4805 
790 1385 1747 1986 
829 2301 3058 2302 
843 846 1032 
973 1357 1609 3503 
1024 1197 1755 
1025 2085 3223 
1033 2497 4117 
1042 1782 4049 1079 
1045 2296 3249 
1153 1314 1471 
1193 2646 2876 
1311 1312 1432 
1355 2095 3627 
1363 2793 3037 
1459 4611 4612 
1588 2138 2533 2827 
1628 2764 3763 
1685 2028 3198 1870 
1718 1719 3026 4308 
1741 2967 3904 
1828 1860 2683 4298 
2182 3321 4348 
2365 2845 4429 
2380 2208 2339 
2429 876 2828 
2997 4327 4405 
3142 3177 3422 
3706 2371 3108 
3733 3452 4280 
4606 1824 3476 
