1 238 981 3745 3780 4561 
4 2422 2423 4111 4601 
25 39 434 439 
26 32 38 
29 35 4578 
33 99 334 443 444 547 664 715 1675 2842 3419 3674 4088 4568 
36 625 4057 
50 2560 4567 
59 1261 2259 4296 
60 1588 2138 2533 2664 2827 
64 1824 3476 4606 3041 
78 253 717 2240 4807 
81 691 3033 
82 973 1326 1357 1609 3503 1647 
85 1967 4496 4582 
87 1900 4497 4586 
91 173 557 1376 1627 1716 1932 3213 411 676 1730 2465 3532 2566 4843 2532 1214 
97 113 135 175 230 265 322 568 740 837 870 889 891 921 940 1094 1137 1173 1221 1290 1320 1350 1355 1482 1583 1681 1878 2004 2095 2097 2184 2315 2390 2427 2471 2486 2526 2542 2663 2735 2768 2818 2928 2964 3051 3086 3543 3627 3762 3781 3802 3831 4294 4468 4478 4623 4668 4755 3710 1131 1117 1222 
102 340 1565 1689 2182 2547 3321 3560 4348 4024 
105 3897 4019 2969 
125 1367 2321 2326 
127 542 2596 3617 4040 4209 4602 4679 4385 
131 2287 2823 1275 2082 
136 1026 3203 
139 759 1761 1798 3081 4570 
142 3861 4622 185 4821 1080 
145 1033 2497 4117 
147 217 295 438 787 1362 1752 2614 2741 3118 3702 3876 4311 4655 
150 2609 2610 2517 
152 2760 4552 
156 829 2301 2302 2581 3058 4026 4774 2428 3486 
163 198 2701 
179 2931 4453 
183 3316 3493 
186 976 1974 2718 3147 3200 
191 3305 3716 
197 220 229 866 3984 
206 1025 2085 3223 
211 1759 1881 66 
227 291 1662 1763 2205 3017 3452 3594 3733 4280 1059 1281 3568 
231 246 414 454 473 615 652 681 840 1568 1659 1704 1732 1791 1795 1987 2016 2034 2071 2283 2324 2341 2360 2432 2454 2464 2472 2524 2540 2546 2565 2625 2628 2636 2682 2856 2953 3076 3170 3267 3335 3590 3859 4012 4025 4032 4300 4324 4771 4817 4846 4857 492 984 1149 1181 2982 4362 
239 1023 2601 2959 4834 3889 
259 2779 4050 
271 844 2401 2817 
276 1920 1937 3010 4508 
287 373 790 1276 1385 1747 1986 2383 2399 2618 2830 
306 1435 1458 4099 4505 4271 
315 372 616 695 926 1323 1450 1711 1813 2235 3038 3307 3433 4391 
326 1100 1883 3168 4621 
329 1743 1852 2053 4575 
343 3128 4769 
377 446 1579 1828 1860 2683 3711 4298 
381 2881 3956 2948 
387 3878 4249 4660 
416 2608 3939 4759 
418 732 2885 1771 1976 4794 4805 545 3037 4119 482 768 1183 1363 2793 3247 4158 4427 590 3035 4591 
420 2574 2977 3085 
422 3266 3933 4739 413 1295 3647 
427 1334 2084 
436 623 1230 1692 4002 4696 
437 3661 4579 
447 2288 3467 
455 711 3348 4198 
489 804 3947 4132 4661 2649 
502 1796 2379 
507 2284 4227 4639 2074 157 
508 1332 3288 4018 4062 
511 1389 2904 3471 3208 
512 1007 1186 1442 1460 1462 4185 2913 3930 3601 945 
513 675 2332 4546 
537 1004 2995 3019 
550 634 648 738 807 997 1308 1353 1533 1534 1783 
552 1045 2296 2655 3249 3251 3798 
582 583 2504 
595 2919 3112 
597 1288 2871 4104 
605 876 2429 2670 2828 
610 2329 3847 3888 1772 2397 2946 3740 4263 3245 
612 1152 3042 
613 642 1058 1428 1847 2268 2297 3048 3753 4420 4740 
614 2209 4001 
624 2316 3176 4524 3814 3232 3346 
626 1027 1168 4603 
628 1717 4146 
630 684 2234 2307 4605 
646 2371 3108 3706 
688 1063 1831 2052 2724 3743 3925 4281 4614 1061 1611 2369 3975 4144 2786 3774 4260 1277 
696 4610 4847 1043 
704 1231 1849 2096 3113 3999 
714 4485 4515 4522 2991 3839 
719 731 1622 2522 3119 
767 1106 1128 2204 4169 
773 3278 3562 4247 4795 
778 1126 1868 2889 2044 1760 
799 865 1069 4403 3078 4788 
801 1135 3110 
808 1977 4600 1949 
841 3000 3231 
842 2458 2551 2678 
843 846 1032 
853 2220 3489 
856 2266 2286 
871 1212 1864 2769 
873 1210 2064 3029 3258 1189 4155 
877 1041 1079 1782 1042 4049 
879 2368 4550 
929 328 3537 
966 1600 4321 1368 
974 2330 2745 4398 2246 
979 1407 2070 2963 3315 3919 4808 4809 
1012 1750 2667 
1021 2611 3382 
1024 1197 1755 
1040 4658 4855 
1084 1734 3367 4415 1524 1523 1897 2370 4838 
1097 578 3626 
1102 1223 1708 3498 2519 2808 3080 989 
1107 1505 1646 4161 
1153 1314 1471 
1178 1218 1815 
1193 2646 2876 3508 
1198 1823 2102 4849 
1217 1975 3684 
1232 2212 2377 3437 3989 
1243 83 1827 3886 
1268 2744 4686 
1306 1872 3286 3846 4851 2410 3633 2641 2314 
1307 2988 4349 
1311 1312 1432 
1317 3116 4265 
1319 2355 3630 1392 1956 3721 1614 2277 2441 4598 
1336 2132 2295 3501 3643 
1397 1563 2058 2446 2697 3003 3882 2225 
1398 1685 1870 2028 3198 2047 3971 
1426 1430 4090 
1459 2463 2883 4611 4612 
1486 3464 4861 
1508 2051 4501 4631 
1509 4526 4528 
1610 2333 4700 
1619 3749 3751 
1628 2764 3763 
1664 2217 3693 2232 
1673 2373 3466 1440 
1702 3290 3323 3581 
1712 1713 2003 2987 3270 
1718 1719 3026 4308 
1741 2734 2967 3350 3904 
1757 3028 4495 2112 2812 
1774 1869 1905 2435 2439 4431 4738 2289 
1808 3642 4732 
1867 3039 4073 
1888 3101 3801 4747 
1889 1935 2194 
1891 2997 4327 4405 
1901 2552 2559 4071 2878 
1931 683 2424 2836 4007 
1938 2257 2258 
1965 1516 3660 
2002 1390 4514 
2005 104 2557 
2059 2961 3639 
2077 2897 3117 
2080 2549 2576 2331 
2192 3222 3668 
2198 2260 2300 2797 
2208 2338 2339 2380 3447 3746 4557 
2215 2387 3161 3338 4065 
2269 2651 3427 4176 4635 
2299 3683 3969 
2334 2492 3986 2896 
2361 3131 3873 4584 
2363 3132 4140 4143 
2364 4361 4502 
2365 2845 4429 
2389 3666 4128 
2415 2294 3124 
2431 2590 3472 
2445 2788 4416 
2457 2706 3490 963 
2503 3235 3611 
2586 3287 4511 4387 
2604 480 3159 
2661 1382 4379 
2689 2346 3768 4236 
2777 1676 4152 
2783 1011 2631 
2791 2353 3478 
2835 4493 4626 
2840 3739 4723 
2874 2695 2875 
2892 2440 2893 
2915 4243 4856 
2926 1762 4023 
2945 2990 4812 
3015 3075 3310 
3105 3396 3892 
3142 3177 3422 
3185 3431 3994 
3215 1764 3736 
3246 2986 3708 
3326 3747 4551 3766 
3381 3421 4055 3459 
3392 1672 2940 4589 
3423 3424 3502 3667 
3438 3775 4748 493 
3480 3441 4102 
3650 2308 2350 4396 
3741 4617 4651 
3808 1424 4255 
3838 4264 4671 
4095 2513 3274 
4267 1587 2309 3193 
4323 2219 2491 
4813 3330 4814 
