0 1 0.693919
0 5 0.740989
0 6 0.651331
0 11 0.608852
0 12 0.733056
0 14 0.634404
0 15 0.676777
0 16 0.678028
0 17 0.621774
0 20 0.628035
0 24 0.720509
0 29 0.811192
0 30 0.642047
0 34 0.629891
0 40 0.69202
0 41 0.651468
0 53 0.601762
0 57 0.647764
0 63 0.644606
0 66 0.687633
0 69 0.636962
0 70 0.645345
0 88 0.684389
0 93 0.614599
0 99 0.730839
0 103 0.68185
0 104 0.745008
0 111 0.66792
0 117 0.688106
0 118 0.654863
0 123 0.635469
0 124 0.681023
0 125 0.829799
0 126 0.681515
0 131 0.641549
0 132 0.803381
0 133 0.607918
0 134 0.633349
0 136 0.653084
0 138 0.611774
0 143 0.648525
0 146 0.647802
0 147 0.617906
0 148 0.691953
0 149 0.682169
0 150 0.628721
0 151 0.719955
0 152 0.648256
0 154 0.678611
0 155 0.666663
0 156 0.644957
0 157 0.694306
0 158 0.614243
0 159 0.691874
0 163 0.681299
0 164 0.658642
0 166 0.763787
0 169 0.72097
0 171 0.682492
0 172 0.637985
0 177 0.728266
0 178 0.731273
0 180 0.601135
0 181 0.638844
1 6 0.805716
1 11 0.823221
1 12 0.714568
1 16 0.935249
1 17 0.925932
1 35 0.774474
1 39 0.620717
1 41 0.937991
1 60 0.773159
1 63 0.820284
1 70 0.95128
1 89 0.600999
1 103 0.643497
1 110 0.616026
1 111 0.959896
1 115 0.682232
1 116 0.67972
1 123 0.903899
1 124 0.929022
1 126 0.931723
1 131 0.851261
1 133 0.894246
1 138 0.734548
1 139 0.653088
1 147 0.829153
1 149 0.97842
1 150 0.752306
1 152 0.873991
1 154 0.967625
1 155 0.964755
1 156 0.817344
1 157 0.949967
1 158 0.818595
1 159 0.974369
1 168 0.644862
2 3 0.831018
2 33 0.944754
2 97 0.902953
2 122 0.73755
3 33 0.951827
3 77 0.644798
3 97 0.965828
3 99 0.605442
3 109 0.70373
3 115 0.822101
3 116 0.840983
3 122 0.950949
3 129 0.782144
3 131 0.735313
3 133 0.670533
3 147 0.72778
3 152 0.650229
3 161 0.81503
5 14 0.951821
5 15 0.768554
5 18 0.798814
5 20 0.64605
5 23 0.82735
5 24 0.883767
5 25 0.673228
5 27 0.603964
5 29 0.902292
5 30 0.938783
5 31 0.821474
5 32 0.737639
5 34 0.774578
5 37 0.870281
5 38 0.769084
5 40 0.885453
5 42 0.793365
5 43 0.760463
5 45 0.861172
5 46 0.627521
5 47 0.653414
5 53 0.897263
5 55 0.769857
5 57 0.92235
5 59 0.619435
5 61 0.788197
5 66 0.936805
5 68 0.734197
5 69 0.937247
5 72 0.70659
5 75 0.749638
5 76 0.658219
5 77 0.686083
5 78 0.895957
5 79 0.824643
5 80 0.729463
5 81 0.893583
5 83 0.839249
5 84 0.862474
5 88 0.827712
5 91 0.783106
5 92 0.601672
5 93 0.888493
5 95 0.663768
5 96 0.700447
5 98 0.602266
5 99 0.886998
5 102 0.620863
5 103 0.69439
5 104 0.962843
5 117 0.801071
5 118 0.957732
5 120 0.627359
5 122 0.613538
5 125 0.914383
5 128 0.757126
5 129 0.788816
5 130 0.727189
5 132 0.881553
5 134 0.847155
5 135 0.858092
5 136 0.939811
5 140 0.784634
5 141 0.753488
5 143 0.874952
5 146 0.902117
5 148 0.937711
5 151 0.945683
5 161 0.727707
5 163 0.951421
5 164 0.869427
5 165 0.838208
5 166 0.926625
5 167 0.795811
5 169 0.915247
5 171 0.962414
5 172 0.87718
5 173 0.707997
5 174 0.823975
5 176 0.627226
5 177 0.924534
5 178 0.924469
5 180 0.789389
5 181 0.861326
6 11 0.891169
6 12 0.6944
6 16 0.876153
6 17 0.795669
6 35 0.723311
6 39 0.717269
6 41 0.868019
6 52 0.771924
6 60 0.604448
6 63 0.889096
6 70 0.837328
6 73 0.741512
6 88 0.609357
6 99 0.648176
6 103 0.841669
6 111 0.807283
6 123 0.768673
6 124 0.822254
6 126 0.829138
6 131 0.763307
6 133 0.725553
6 138 0.831326
6 139 0.650247
6 147 0.724265
6 149 0.845369
6 150 0.864166
6 152 0.801214
6 154 0.833922
6 155 0.802145
6 156 0.880939
6 157 0.843087
6 158 0.752754
6 159 0.823438
6 160 0.695064
6 161 0.630408
6 168 0.811762
6 179 0.731631
8 26 0.651136
8 110 0.666834
9 13 0.619663
9 106 0.694189
9 107 0.651569
9 121 0.644843
9 162 0.616211
11 12 0.718746
11 16 0.930009
11 17 0.800753
11 35 0.774373
11 39 0.840297
11 41 0.931216
11 52 0.825883
11 60 0.669172
11 63 0.973496
11 70 0.899172
11 73 0.858502
11 99 0.619487
11 103 0.836138
11 111 0.837645
11 115 0.622
11 123 0.772652
11 124 0.843995
11 126 0.848433
11 131 0.796668
11 133 0.767338
11 138 0.927853
11 139 0.779067
11 147 0.737838
11 149 0.858067
11 150 0.91419
11 152 0.829717
11 154 0.849259
11 155 0.814214
11 156 0.923931
11 157 0.866362
11 158 0.787054
11 159 0.836425
11 160 0.815523
11 161 0.647039
11 168 0.877289
11 179 0.84996
12 15 0.636243
12 16 0.740274
12 17 0.659456
12 39 0.657066
12 41 0.738025
12 52 0.825759
12 63 0.766094
12 70 0.732084
12 99 0.655402
12 103 0.698595
12 104 0.622677
12 110 0.619588
12 111 0.703587
12 117 0.734266
12 123 0.675411
12 124 0.737525
12 125 0.630113
12 126 0.738132
12 131 0.672045
12 132 0.644198
12 133 0.649707
12 137 0.707164
12 138 0.696034
12 139 0.608159
12 147 0.660994
12 149 0.733987
12 150 0.723358
12 152 0.714793
12 154 0.728534
12 155 0.71119
12 156 0.744188
12 157 0.751501
12 158 0.662225
12 159 0.738338
12 160 0.602673
12 168 0.778811
12 179 0.647366
14 15 0.690163
14 18 0.833553
14 19 0.671663
14 23 0.879451
14 24 0.765365
14 25 0.757558
14 27 0.687178
14 28 0.674815
14 29 0.77753
14 30 0.977924
14 31 0.792391
14 32 0.702197
14 34 0.7555
14 37 0.917993
14 38 0.702476
14 40 0.794701
14 42 0.767686
14 43 0.760463
14 44 0.607689
14 45 0.833328
14 46 0.749401
14 47 0.718099
14 50 0.614116
14 53 0.931753
14 55 0.829694
14 57 0.963157
14 61 0.842787
14 66 0.90291
14 68 0.808576
14 69 0.947255
14 72 0.767758
14 74 0.691121
14 75 0.843312
14 76 0.76556
14 77 0.811208
14 78 0.914016
14 79 0.873131
14 80 0.726584
14 81 0.930114
14 83 0.864699
14 84 0.88066
14 88 0.838666
14 91 0.825403
14 92 0.707971
14 93 0.916011
14 95 0.759525
14 96 0.704784
14 98 0.672376
14 99 0.878867
14 100 0.679472
14 102 0.725893
14 103 0.645248
14 104 0.936265
14 105 0.671333
14 117 0.765478
14 118 0.969384
14 120 0.760896
14 122 0.60171
14 125 0.779312
14 128 0.876066
14 129 0.832048
14 130 0.861103
14 132 0.733267
14 134 0.862963
14 135 0.841062
14 136 0.916533
14 140 0.670166
14 141 0.839943
14 143 0.93177
14 146 0.832915
14 148 0.847499
14 151 0.864556
14 161 0.720188
14 163 0.955199
14 164 0.766587
14 165 0.791565
14 166 0.857773
14 167 0.856355
14 169 0.881541
14 171 0.912523
14 172 0.922699
14 173 0.774376
14 174 0.888084
14 176 0.728233
14 177 0.862468
14 178 0.872049
14 180 0.659299
14 181 0.78227
15 24 0.663818
15 29 0.728955
15 30 0.700221
15 40 0.710989
15 42 0.777688
15 43 0.738685
15 45 0.722322
15 52 0.634228
15 57 0.66128
15 65 0.659564
15 66 0.643898
15 69 0.693733
15 88 0.672591
15 93 0.602899
15 96 0.722388
15 99 0.753239
15 103 0.71145
15 104 0.770042
15 117 0.724741
15 118 0.675937
15 122 0.613659
15 125 0.7644
15 129 0.633293
15 132 0.782607
15 136 0.644174
15 143 0.65374
15 146 0.645865
15 148 0.703569
15 150 0.601168
15 151 0.712148
15 156 0.609062
15 161 0.709054
15 163 0.738285
15 164 0.709807
15 166 0.686225
15 169 0.67627
15 171 0.743149
15 177 0.669588
15 178 0.710637
15 181 0.620514
16 17 0.896156
16 35 0.827977
16 39 0.785603
16 41 0.984692
16 52 0.724911
16 60 0.74277
16 63 0.932548
16 70 0.954388
16 73 0.735924
16 99 0.609345
16 103 0.774663
16 111 0.945076
16 115 0.718041
16 116 0.702654
16 117 0.605722
16 123 0.868073
16 124 0.917752
16 126 0.916395
16 131 0.885393
16 133 0.883682
16 138 0.881529
16 139 0.740922
16 147 0.830442
16 149 0.938688
16 150 0.854004
16 152 0.890459
16 154 0.935235
16 155 0.917202
16 156 0.905421
16 157 0.936834
16 158 0.82457
16 159 0.932567
16 160 0.704854
16 161 0.65745
16 168 0.777233
16 179 0.778801
17 35 0.797537
17 41 0.916619
17 60 0.761984
17 63 0.792209
17 70 0.876947
17 103 0.654825
17 111 0.967266
17 115 0.838737
17 116 0.834391
17 117 0.612664
17 122 0.642193
17 123 0.936096
17 124 0.93234
17 126 0.91529
17 131 0.933832
17 133 0.94869
17 138 0.733279
17 139 0.655799
17 147 0.901239
17 149 0.936241
17 150 0.741164
17 152 0.914689
17 154 0.944793
17 155 0.950936
17 156 0.833014
17 157 0.935376
17 158 0.81874
17 159 0.948965
17 161 0.666215
17 168 0.614887
18 19 0.806358
18 23 0.789074
18 25 0.876101
18 27 0.820291
18 28 0.679823
18 29 0.667668
18 30 0.872183
18 34 0.78386
18 37 0.865826
18 40 0.611486
18 43 0.799299
18 44 0.801034
18 45 0.699799
18 46 0.682141
18 47 0.864702
18 50 0.819896
18 53 0.792301
18 54 0.708363
18 57 0.859221
18 61 0.601647
18 66 0.705317
18 68 0.892969
18 69 0.831344
18 72 0.839317
18 74 0.822669
18 75 0.841565
18 76 0.831314
18 77 0.724428
18 78 0.750661
18 79 0.795885
18 81 0.753756
18 83 0.6768
18 84 0.797232
18 88 0.87925
18 90 0.791519
18 91 0.60933
18 92 0.656516
18 93 0.827078
18 99 0.848313
18 100 0.780916
18 102 0.855503
18 103 0.682944
18 104 0.84789
18 105 0.790812
18 118 0.834169
18 120 0.808241
18 125 0.669114
18 128 0.761738
18 129 0.769611
18 130 0.760935
18 134 0.861896
18 135 0.666117
18 136 0.798154
18 141 0.868947
18 143 0.881344
18 144 0.776609
18 148 0.768366
18 151 0.781577
18 161 0.759496
18 163 0.846375
18 166 0.666894
18 167 0.894556
18 169 0.70777
18 171 0.766314
18 172 0.879155
18 173 0.784252
18 174 0.758844
18 176 0.843205
18 177 0.734006
18 178 0.782193
19 23 0.744069
19 25 0.966837
19 27 0.907853
19 28 0.796546
19 30 0.75254
19 34 0.789773
19 37 0.852873
19 43 0.744986
19 44 0.841805
19 46 0.74346
19 47 0.946878
19 50 0.977769
19 53 0.715536
19 54 0.770353
19 57 0.753882
19 68 0.909247
19 69 0.630407
19 72 0.935515
19 74 0.967216
19 75 0.907202
19 76 0.937225
19 77 0.769946
19 78 0.638
19 79 0.77825
19 81 0.637643
19 84 0.783417
19 88 0.706713
19 90 0.973894
19 92 0.760094
19 93 0.740838
19 99 0.603318
19 100 0.926652
19 102 0.967577
19 104 0.640822
19 105 0.907407
19 118 0.705995
19 120 0.943126
19 128 0.746137
19 130 0.753933
19 134 0.838932
19 136 0.669191
19 141 0.905087
19 143 0.779286
19 144 0.962442
19 163 0.669623
19 167 0.920733
19 172 0.826623
19 173 0.856138
19 174 0.627009
19 176 0.972857
19 178 0.643952
20 24 0.773156
20 29 0.654315
20 31 0.736079
20 32 0.741951
20 38 0.757651
20 40 0.696768
20 42 0.656488
20 55 0.616467
20 59 0.610097
20 61 0.601921
20 65 0.62265
20 66 0.717821
20 78 0.603515
20 80 0.697597
20 81 0.600565
20 83 0.619817
20 91 0.629328
20 96 0.683679
20 117 0.712201
20 125 0.675467
20 132 0.71971
20 135 0.640051
20 140 0.762669
20 146 0.785066
20 148 0.633193
20 151 0.636567
20 164 0.740897
20 165 0.768109
20 166 0.766155
20 169 0.708731
20 171 0.651982
20 177 0.626065
20 178 0.602678
20 180 0.75712
20 181 0.774747
22 58 0.732715
22 64 0.729271
22 113 0.624951
22 114 0.613336
22 170 0.621177
23 24 0.693629
23 25 0.777739
23 27 0.675428
23 28 0.702546
23 29 0.632039
23 30 0.893348
23 31 0.813279
23 32 0.733509
23 34 0.790365
23 37 0.881327
23 38 0.743593
23 40 0.70458
23 42 0.655157
23 43 0.729045
23 44 0.733004
23 45 0.787355
23 46 0.852497
23 47 0.77233
23 50 0.684521
23 53 0.924575
23 55 0.841204
23 57 0.879554
23 61 0.856083
23 66 0.838244
23 68 0.868121
23 69 0.880447
23 72 0.789135
23 74 0.76079
23 75 0.858588
23 76 0.792209
23 77 0.861744
23 78 0.928211
23 79 0.957408
23 80 0.645603
23 81 0.895698
23 83 0.917329
23 84 0.887067
23 88 0.68982
23 90 0.660516
23 91 0.868646
23 92 0.780539
23 93 0.928289
23 95 0.801577
23 96 0.613965
23 98 0.690421
23 99 0.709331
23 100 0.723353
23 102 0.789268
23 104 0.823313
23 105 0.752609
23 117 0.608121
23 118 0.904651
23 120 0.842347
23 125 0.633838
23 128 0.888648
23 129 0.753303
23 130 0.88942
23 134 0.864546
23 135 0.88812
23 136 0.89557
23 140 0.63573
23 141 0.812524
23 143 0.818017
23 144 0.639336
23 146 0.764533
23 148 0.785967
23 151 0.78086
23 163 0.838746
23 164 0.618677
23 165 0.738468
23 166 0.789119
23 167 0.875326
23 169 0.839729
23 171 0.791387
23 172 0.899876
23 173 0.761619
23 174 0.882387
23 176 0.772012
23 177 0.801013
23 178 0.814676
23 180 0.604462
23 181 0.7366
24 29 0.905195
24 30 0.73315
24 31 0.907569
24 32 0.876438
24 34 0.71626
24 37 0.668548
24 38 0.862513
24 40 0.917005
24 42 0.738032
24 43 0.618069
24 45 0.828362
24 53 0.807431
24 55 0.724131
24 57 0.742661
24 59 0.823193
24 61 0.727103
24 65 0.652671
24 66 0.915301
24 69 0.784308
24 78 0.839465
24 79 0.710814
24 80 0.742143
24 81 0.797256
24 83 0.832408
24 84 0.779283
24 91 0.790091
24 93 0.789981
24 96 0.715299
24 99 0.633635
24 104 0.81788
24 117 0.73189
24 118 0.817432
24 125 0.91664
24 132 0.927157
24 134 0.715218
24 135 0.884564
24 136 0.884768
24 140 0.946228
24 143 0.604872
24 146 0.929683
24 148 0.901356
24 151 0.887287
24 163 0.792531
24 164 0.902848
24 165 0.918018
24 166 0.945869
24 169 0.901267
24 171 0.872115
24 172 0.703646
24 174 0.67069
24 177 0.911036
24 178 0.887267
24 180 0.951774
24 181 0.966941
25 27 0.952866
25 28 0.789386
25 30 0.831412
25 34 0.864315
25 37 0.901548
25 43 0.809701
25 44 0.868071
25 45 0.630143
25 46 0.753208
25 47 0.94354
25 50 0.963974
25 53 0.778584
25 54 0.723858
25 57 0.82583
25 66 0.603281
25 68 0.949912
25 69 0.725547
25 72 0.971107
25 74 0.970198
25 75 0.934684
25 76 0.954083
25 77 0.778633
25 78 0.699802
25 79 0.815947
25 81 0.703328
25 83 0.642999
25 84 0.838631
25 88 0.823679
25 90 0.968181
25 92 0.684456
25 93 0.815793
25 99 0.720922
25 100 0.949388
25 102 0.977322
25 104 0.761332
25 105 0.907422
25 118 0.793392
25 120 0.931323
25 128 0.745467
25 129 0.638549
25 130 0.761329
25 134 0.905856
25 135 0.640993
25 136 0.756149
25 141 0.931577
25 143 0.857864
25 144 0.962782
25 151 0.608056
25 161 0.645157
25 163 0.775516
25 167 0.959822
25 169 0.672037
25 172 0.904648
25 173 0.89663
25 174 0.691866
25 176 0.981387
25 177 0.696679
25 178 0.737274
26 110 0.613833
27 28 0.794019
27 30 0.767396
27 34 0.780219
27 37 0.832342
27 43 0.7512
27 44 0.811533
27 46 0.653218
27 47 0.881389
27 50 0.916933
27 53 0.673798
27 54 0.675626
27 57 0.747972
27 68 0.875331
27 69 0.633638
27 72 0.89762
27 74 0.926095
27 75 0.840642
27 76 0.878496
27 77 0.704996
27 79 0.713229
27 84 0.723741
27 88 0.816179
27 90 0.930569
27 92 0.605523
27 93 0.714439
27 99 0.716747
27 100 0.870231
27 102 0.921231
27 104 0.698833
27 105 0.857925
27 118 0.709413
27 120 0.83748
27 128 0.671815
27 129 0.642039
27 130 0.658634
27 134 0.84476
27 136 0.645326
27 141 0.844352
27 143 0.817924
27 144 0.926396
27 161 0.71185
27 163 0.680362
27 167 0.882181
27 172 0.840611
27 173 0.839142
27 176 0.943699
27 178 0.658907
28 30 0.722239
28 34 0.632114
28 37 0.801574
28 43 0.734259
28 44 0.646528
28 45 0.699176
28 46 0.66533
28 47 0.771189
28 50 0.760656
28 53 0.643005
28 54 0.639583
28 57 0.674015
28 68 0.74
28 69 0.614046
28 72 0.789253
28 74 0.832254
28 75 0.765858
28 76 0.808224
28 77 0.818668
28 78 0.660847
28 79 0.748637
28 84 0.729509
28 90 0.765871
28 92 0.679565
28 93 0.678357
28 100 0.747526
28 102 0.810982
28 104 0.630505
28 105 0.803571
28 118 0.707257
28 120 0.75195
28 128 0.827759
28 129 0.642531
28 130 0.736472
28 134 0.802571
28 136 0.638623
28 141 0.789494
28 143 0.666682
28 144 0.753266
28 161 0.611864
28 163 0.62218
28 167 0.775259
28 172 0.738477
28 173 0.73147
28 176 0.850453
28 178 0.641913
29 30 0.757941
29 31 0.744078
29 32 0.681278
29 34 0.753064
29 37 0.711969
29 38 0.734276
29 40 0.892064
29 42 0.642923
29 43 0.662668
29 45 0.753376
29 53 0.755639
29 57 0.785391
29 59 0.782854
29 66 0.862534
29 69 0.773902
29 72 0.607287
29 78 0.748612
29 79 0.633279
29 81 0.736204
29 83 0.690877
29 84 0.769692
29 88 0.717198
29 91 0.639938
29 93 0.74666
29 99 0.775769
29 103 0.637205
29 104 0.846242
29 117 0.696427
29 118 0.811863
29 125 0.989653
29 132 0.954496
29 134 0.737419
29 135 0.763307
29 136 0.845609
29 140 0.805813
29 143 0.711358
29 146 0.816492
29 148 0.899553
29 151 0.90131
29 163 0.82846
29 164 0.870299
29 165 0.761769
29 166 0.893507
29 167 0.653733
29 169 0.851577
29 171 0.864039
29 172 0.729801
29 174 0.642116
29 177 0.901462
29 178 0.88392
29 180 0.833092
29 181 0.831898
30 31 0.744862
30 32 0.638101
30 34 0.81292
30 37 0.949354
30 38 0.68374
30 40 0.778993
30 42 0.720154
30 43 0.824101
30 44 0.679922
30 45 0.838585
30 46 0.77224
30 47 0.788565
30 50 0.701872
30 53 0.94195
30 55 0.785
30 57 0.968961
30 61 0.806728
30 66 0.876052
30 68 0.8703
30 69 0.950616
30 72 0.829923
30 74 0.769788
30 75 0.885874
30 76 0.827257
30 77 0.830955
30 78 0.893239
30 79 0.889292
30 80 0.673375
30 81 0.923932
30 83 0.848893
30 84 0.898814
30 88 0.874753
30 90 0.687448
30 91 0.79335
30 92 0.736538
30 93 0.939418
30 95 0.73274
30 96 0.657092
30 98 0.613701
30 99 0.889023
30 100 0.744492
30 102 0.805235
30 103 0.666559
30 104 0.952244
30 105 0.745462
30 117 0.71194
30 118 0.974657
30 120 0.817443
30 122 0.607297
30 125 0.760298
30 128 0.876716
30 129 0.842834
30 130 0.867683
30 132 0.710819
30 134 0.907817
30 135 0.830979
30 136 0.92373
30 140 0.608025
30 141 0.889952
30 143 0.961389
30 144 0.665963
30 146 0.786335
30 148 0.841689
30 151 0.856266
30 161 0.756227
30 163 0.965135
30 164 0.710045
30 165 0.738523
30 166 0.836556
30 167 0.910473
30 169 0.882453
30 171 0.888336
30 172 0.959555
30 173 0.849231
30 174 0.881098
30 176 0.80532
30 177 0.865444
30 178 0.884254
30 180 0.605908
30 181 0.740858
31 32 0.984081
31 34 0.694149
31 37 0.688523
31 38 0.899351
31 40 0.816175
31 42 0.743745
31 45 0.784639
31 46 0.625246
31 53 0.878694
31 55 0.898152
31 57 0.772881
31 59 0.657564
31 61 0.896536
31 65 0.620996
31 66 0.929926
31 68 0.6133
31 69 0.810092
31 75 0.625465
31 78 0.918239
31 79 0.831663
31 80 0.845051
31 81 0.874863
31 83 0.954132
31 84 0.810365
31 91 0.948937
31 93 0.849851
31 95 0.673359
31 96 0.767535
31 98 0.745432
31 104 0.762953
31 117 0.693236
31 118 0.81892
31 125 0.747549
31 128 0.663342
31 130 0.654564
31 132 0.74959
31 134 0.702941
31 135 0.957979
31 136 0.875489
31 140 0.923938
31 143 0.607622
31 146 0.937124
31 148 0.833877
31 151 0.822596
31 163 0.776169
31 164 0.82791
31 165 0.949238
31 166 0.902323
31 167 0.644506
31 169 0.893472
31 171 0.835121
31 172 0.737859
31 174 0.77888
31 177 0.845501
31 178 0.820201
31 180 0.89905
31 181 0.958671
32 38 0.868995
32 40 0.746068
32 42 0.719117
32 45 0.704479
32 53 0.802408
32 55 0.888107
32 57 0.672348
32 59 0.647703
32 61 0.876374
32 65 0.614311
32 66 0.883658
32 69 0.733223
32 78 0.846769
32 79 0.742501
32 80 0.857129
32 81 0.813133
32 83 0.90752
32 84 0.713166
32 91 0.930773
32 93 0.76714
32 95 0.633502
32 96 0.759659
32 98 0.765127
32 104 0.663092
32 117 0.670236
32 118 0.720937
32 125 0.687315
32 132 0.70374
32 135 0.909368
32 136 0.792086
32 140 0.932197
32 146 0.913592
32 148 0.769817
32 151 0.756708
32 163 0.682612
32 164 0.811596
32 165 0.938352
32 166 0.844232
32 169 0.823458
32 171 0.773537
32 172 0.630104
32 174 0.722237
32 177 0.767931
32 178 0.724102
32 180 0.895867
32 181 0.943099
33 97 0.976264
33 109 0.605933
33 115 0.717892
33 116 0.741565
33 122 0.88765
33 129 0.628009
33 131 0.630172
33 147 0.62158
33 161 0.677416
34 37 0.870997
34 38 0.712667
34 40 0.757002
34 43 0.829318
34 44 0.739318
34 45 0.746646
34 46 0.662394
34 47 0.857015
34 50 0.799672
34 53 0.862466
34 54 0.639885
34 57 0.828556
34 66 0.771877
34 68 0.894051
34 69 0.748095
34 72 0.915449
34 74 0.799621
34 75 0.860412
34 76 0.780624
34 77 0.633025
34 78 0.800904
34 79 0.848751
34 81 0.761901
34 83 0.786919
34 84 0.923184
34 88 0.705513
34 90 0.801162
34 91 0.695478
34 93 0.879474
34 99 0.646186
34 100 0.796464
34 102 0.833915
34 104 0.817683
34 105 0.736575
34 118 0.842139
34 120 0.774395
34 125 0.722704
34 128 0.622982
34 130 0.61845
34 132 0.654731
34 134 0.929013
34 135 0.833683
34 136 0.880193
34 141 0.778622
34 143 0.768845
34 144 0.79478
34 146 0.623478
34 148 0.774196
34 151 0.767878
34 163 0.807741
34 165 0.604019
34 166 0.790437
34 167 0.900992
34 169 0.845876
34 171 0.69772
34 172 0.900603
34 173 0.825974
34 174 0.668648
34 176 0.822616
34 177 0.881097
34 178 0.893725
34 180 0.620359
34 181 0.677208
35 41 0.814562
35 63 0.745173
35 70 0.778973
35 103 0.6144
35 111 0.82828
35 115 0.74794
35 116 0.710985
35 123 0.741291
35 124 0.759448
35 126 0.751743
35 131 0.780213
35 133 0.796482
35 138 0.73203
35 139 0.631461
35 147 0.70207
35 149 0.781554
35 150 0.676312
35 152 0.740882
35 154 0.777118
35 155 0.765212
35 156 0.727884
35 157 0.771054
35 158 0.673565
35 159 0.775864
37 38 0.654624
37 40 0.768039
37 43 0.863961
37 44 0.741381
37 45 0.819761
37 46 0.774583
37 47 0.887521
37 50 0.810329
37 53 0.903442
37 54 0.672167
37 55 0.665672
37 57 0.927706
37 61 0.70376
37 66 0.78712
37 68 0.897226
37 69 0.853509
37 72 0.928927
37 74 0.873169
37 75 0.937239
37 76 0.898487
37 77 0.865882
37 78 0.875125
37 79 0.914499
37 81 0.853888
37 83 0.822181
37 84 0.939702
37 88 0.820535
37 90 0.803802
37 91 0.72003
37 92 0.743863
37 93 0.901698
37 95 0.61556
37 99 0.80201
37 100 0.837226
37 102 0.883966
37 104 0.882311
37 105 0.839866
37 118 0.948722
37 120 0.857887
37 125 0.69044
37 128 0.852851
37 129 0.752623
37 130 0.843258
37 132 0.624202
37 134 0.954517
37 135 0.82157
37 136 0.913906
37 141 0.936553
37 143 0.908154
37 144 0.787371
37 146 0.676702
37 148 0.764858
37 151 0.768614
37 161 0.708906
37 163 0.900805
37 165 0.657732
37 166 0.783942
37 167 0.940634
37 169 0.852345
37 171 0.776823
37 172 0.939603
37 173 0.882128
37 174 0.785231
37 176 0.899742
37 177 0.866244
37 178 0.900588
37 181 0.662578
38 40 0.803338
38 42 0.646683
38 45 0.749712
38 53 0.812318
38 55 0.750422
38 57 0.71987
38 59 0.650378
38 61 0.754256
38 66 0.848328
38 69 0.745547
38 78 0.845194
38 79 0.781238
38 80 0.690351
38 81 0.785281
38 83 0.855882
38 84 0.779536
38 91 0.82596
38 93 0.79879
38 96 0.637313
38 104 0.746365
38 118 0.754761
38 125 0.735884
38 132 0.741322
38 134 0.698033
38 135 0.886299
38 136 0.832212
38 140 0.873555
38 146 0.846422
38 148 0.788519
38 151 0.773521
38 163 0.71496
38 164 0.763452
38 165 0.825817
38 166 0.8771
38 167 0.646647
38 169 0.878366
38 171 0.782698
38 172 0.694297
38 174 0.668167
38 177 0.819161
38 178 0.812924
38 180 0.847127
38 181 0.872869
39 41 0.802375
39 52 0.789618
39 63 0.889361
39 70 0.757574
39 73 0.917831
39 103 0.723754
39 111 0.627883
39 124 0.651026
39 126 0.651865
39 131 0.625295
39 138 0.910706
39 139 0.629954
39 149 0.6457
39 150 0.768882
39 152 0.655628
39 154 0.639623
39 155 0.604171
39 156 0.768437
39 157 0.671187
39 158 0.600177
39 159 0.633445
39 160 0.943532
39 168 0.832084
39 179 0.993052
40 42 0.686539
40 43 0.718905
40 45 0.846766
40 53 0.799855
40 55 0.616784
40 57 0.784667
40 59 0.765581
40 61 0.627548
40 65 0.644873
40 66 0.837214
40 69 0.746015
40 72 0.624615
40 75 0.607288
40 78 0.837607
40 79 0.731921
40 80 0.640149
40 81 0.771149
40 83 0.790237
40 84 0.826713
40 91 0.696238
40 93 0.769584
40 96 0.66892
40 99 0.672075
40 104 0.827232
40 117 0.65985
40 118 0.850231
40 125 0.880565
40 128 0.603095
40 132 0.869987
40 134 0.774644
40 135 0.830185
40 136 0.883936
40 140 0.822793
40 143 0.67142
40 146 0.851322
40 148 0.848904
40 151 0.83363
40 163 0.792677
40 164 0.803496
40 165 0.833024
40 166 0.90861
40 167 0.65282
40 169 0.887323
40 171 0.802753
40 172 0.7271
40 173 0.616899
40 174 0.627621
40 177 0.914066
40 178 0.920348
40 180 0.857502
40 181 0.860266
41 52 0.7229
41 60 0.761028
41 63 0.932218
41 70 0.952038
41 73 0.724149
41 103 0.755233
41 110 0.614483
41 111 0.955046
41 115 0.739265
41 116 0.729017
41 117 0.601879
41 123 0.885066
41 124 0.928508
41 126 0.924146
41 131 0.898602
41 133 0.906474
41 138 0.888815
41 139 0.740172
41 147 0.852253
41 149 0.944832
41 150 0.850402
41 152 0.906132
41 154 0.942387
41 155 0.929228
41 156 0.907178
41 157 0.945069
41 158 0.82915
41 159 0.942806
41 160 0.704051
41 161 0.66643
41 168 0.786765
41 179 0.789667
42 45 0.772223
42 53 0.700342
42 55 0.788392
42 57 0.683093
42 61 0.762864
42 65 0.648586
42 66 0.778047
42 69 0.809989
42 78 0.749539
42 79 0.606797
42 80 0.819362
42 81 0.740329
42 83 0.710786
42 91 0.718151
42 93 0.688986
42 95 0.77889
42 96 0.911962
42 98 0.771462
42 99 0.672808
42 104 0.743268
42 117 0.874611
42 118 0.736627
42 125 0.68527
42 128 0.692506
42 129 0.717864
42 130 0.620554
42 132 0.723992
42 135 0.67654
42 136 0.706156
42 140 0.707826
42 143 0.612868
42 146 0.834139
42 148 0.742092
42 151 0.747996
42 163 0.744605
42 164 0.817179
42 165 0.793458
42 166 0.762042
42 169 0.717852
42 171 0.819699
42 172 0.609904
42 174 0.729724
42 177 0.650519
42 178 0.643984
42 180 0.676729
42 181 0.771548
43 44 0.669606
43 45 0.800533
43 47 0.79512
43 50 0.738197
43 53 0.780588
43 54 0.63335
43 57 0.791735
43 66 0.664202
43 68 0.792269
43 69 0.729276
43 72 0.826948
43 74 0.790515
43 75 0.79547
43 76 0.765825
43 77 0.675106
43 78 0.755288
43 79 0.795897
43 81 0.688221
43 83 0.686867
43 84 0.824545
43 88 0.73145
43 90 0.749727
43 93 0.808669
43 99 0.697709
43 100 0.708862
43 102 0.782333
43 104 0.813103
43 105 0.765534
43 118 0.816437
43 120 0.70245
43 125 0.659685
43 128 0.680918
43 129 0.632574
43 130 0.644047
43 132 0.633176
43 134 0.880648
43 135 0.702961
43 136 0.806113
43 141 0.788487
43 143 0.771046
43 144 0.741327
43 148 0.697181
43 151 0.691052
43 161 0.67653
43 163 0.798208
43 166 0.70705
43 167 0.822052
43 169 0.773356
43 171 0.674085
43 172 0.829012
43 173 0.797187
43 174 0.604278
43 176 0.818768
43 177 0.780319
43 178 0.855812
44 46 0.675916
44 47 0.84492
44 50 0.849813
44 53 0.649529
44 54 0.713646
44 57 0.681269
44 68 0.85334
44 69 0.613243
44 72 0.824527
44 74 0.849894
44 75 0.791769
44 76 0.815511
44 77 0.656875
44 78 0.601672
44 79 0.713684
44 84 0.69667
44 88 0.69955
44 90 0.853183
44 93 0.701949
44 99 0.603897
44 100 0.813046
44 102 0.862487
44 104 0.622761
44 105 0.815181
44 118 0.650442
44 120 0.817004
44 128 0.631747
44 130 0.661764
44 134 0.768164
44 136 0.63809
44 141 0.780986
44 143 0.705347
44 144 0.848879
44 163 0.634961
44 167 0.822422
44 172 0.763404
44 173 0.738859
44 174 0.628208
44 176 0.839631
44 178 0.609751
45 47 0.653097
45 53 0.843621
45 55 0.691684
45 57 0.821397
45 61 0.714631
45 66 0.821915
45 68 0.698101
45 69 0.839457
45 72 0.708318
45 75 0.718916
45 76 0.61866
45 77 0.662341
45 78 0.891461
45 79 0.822316
45 80 0.622948
45 81 0.838256
45 83 0.832758
45 84 0.877097
45 88 0.630816
45 91 0.740978
45 93 0.859879
45 95 0.612024
45 96 0.713746
45 99 0.706383
45 102 0.618312
45 104 0.848672
45 117 0.62929
45 118 0.892821
45 125 0.759087
45 128 0.773809
45 129 0.64952
45 130 0.682875
45 132 0.749237
45 134 0.865053
45 135 0.840196
45 136 0.913679
45 140 0.727785
45 141 0.692184
45 143 0.703059
45 146 0.793474
45 148 0.821376
45 151 0.801111
45 163 0.840894
45 164 0.722989
45 165 0.771297
45 166 0.879052
45 167 0.756457
45 169 0.877452
45 171 0.817477
45 172 0.818408
45 173 0.726341
45 174 0.734073
45 176 0.629516
45 177 0.888474
45 178 0.897942
45 180 0.73504
45 181 0.800738
46 47 0.694262
46 50 0.687468
46 53 0.783995
46 55 0.738127
46 57 0.767501
46 61 0.785912
46 66 0.674103
46 68 0.817086
46 69 0.764604
46 72 0.743152
46 74 0.75009
46 75 0.828402
46 76 0.80598
46 77 0.829813
46 78 0.761212
46 79 0.829865
46 81 0.794522
46 83 0.76455
46 84 0.760192
46 88 0.608706
46 90 0.671561
46 91 0.751201
46 92 0.687422
46 93 0.801395
46 95 0.710489
46 98 0.616683
46 100 0.770412
46 102 0.78252
46 104 0.658125
46 105 0.747247
46 118 0.757091
46 120 0.859937
46 128 0.798644
46 129 0.630975
46 130 0.861358
46 134 0.73175
46 135 0.715545
46 136 0.721034
46 141 0.798114
46 143 0.734373
46 144 0.660958
46 163 0.718651
46 167 0.798383
46 169 0.663747
46 171 0.616132
46 172 0.798376
46 173 0.735142
46 174 0.816917
46 176 0.746547
46 177 0.620708
46 178 0.605227
47 50 0.947775
47 53 0.758545
47 54 0.860719
47 57 0.797113
47 68 0.921841
47 69 0.671507
47 72 0.942866
47 74 0.926736
47 75 0.889001
47 76 0.884462
47 77 0.734166
47 78 0.711696
47 79 0.816912
47 81 0.681655
47 83 0.651983
47 84 0.840185
47 88 0.724379
47 90 0.931094
47 92 0.723872
47 93 0.779853
47 99 0.655516
47 100 0.875405
47 102 0.946494
47 104 0.708729
47 105 0.877348
47 118 0.765832
47 120 0.879143
47 128 0.73625
47 130 0.715768
47 134 0.8878
47 135 0.656192
47 136 0.754021
47 141 0.872004
47 143 0.787386
47 144 0.916268
47 148 0.609006
47 151 0.603319
47 163 0.717999
47 167 0.926233
47 169 0.664083
47 172 0.848983
47 173 0.850755
47 174 0.631242
47 176 0.940751
47 177 0.704873
47 178 0.754754
48 49 0.714825
48 58 0.726034
48 62 0.615327
48 107 0.623371
48 112 0.797551
48 113 0.778723
48 114 0.772508
48 121 0.70051
48 142 0.636923
49 58 0.717506
49 64 0.647751
49 71 0.641947
49 112 0.791804
49 113 0.786099
49 114 0.794911
49 121 0.644956
50 53 0.667885
50 54 0.795701
50 57 0.710642
50 68 0.911023
50 72 0.929082
50 74 0.955444
50 75 0.875492
50 76 0.911175
50 77 0.696044
50 79 0.731282
50 84 0.751471
50 88 0.696154
50 90 0.985778
50 92 0.670123
50 93 0.70687
50 100 0.921293
50 102 0.966462
50 104 0.61364
50 105 0.880372
50 118 0.657477
50 120 0.903583
50 128 0.660223
50 130 0.674465
50 134 0.824725
50 136 0.632164
50 141 0.868092
50 143 0.739371
50 144 0.980128
50 163 0.634415
50 167 0.899676
50 172 0.802957
50 173 0.840672
50 176 0.958658
50 178 0.622405
51 56 0.603561
51 108 0.6645
52 63 0.86786
52 70 0.686545
52 73 0.81567
52 88 0.62754
52 99 0.691561
52 103 0.835421
52 124 0.655765
52 126 0.664311
52 131 0.60888
52 132 0.604506
52 137 0.700487
52 138 0.836369
52 139 0.68216
52 149 0.641986
52 150 0.846414
52 152 0.664838
52 154 0.635446
52 156 0.816691
52 157 0.684634
52 158 0.622294
52 159 0.630573
52 160 0.831969
52 161 0.631911
52 168 0.938184
52 179 0.816557
53 55 0.871705
53 57 0.94757
53 61 0.881453
53 66 0.929639
53 68 0.876565
53 69 0.92645
53 72 0.812063
53 74 0.713761
53 75 0.876364
53 76 0.759297
53 77 0.775175
53 78 0.941793
53 79 0.933108
53 80 0.748902
53 81 0.957556
53 83 0.949877
53 84 0.939424
53 88 0.729514
53 90 0.646858
53 91 0.92079
53 92 0.714459
53 93 0.982742
53 95 0.708989
53 96 0.699696
53 98 0.672844
53 99 0.746884
53 100 0.708892
53 102 0.768325
53 104 0.902309
53 105 0.687447
53 117 0.67247
53 118 0.947889
53 120 0.817623
53 125 0.745256
53 128 0.837588
53 129 0.694653
53 130 0.835574
53 132 0.709183
53 134 0.899762
53 135 0.942294
53 136 0.951007
53 140 0.731224
53 141 0.803047
53 143 0.873518
53 144 0.624963
53 146 0.839051
53 148 0.846856
53 151 0.851038
53 163 0.926221
53 164 0.73425
53 165 0.823873
53 166 0.891081
53 167 0.899394
53 169 0.930152
53 171 0.864156
53 172 0.9549
53 173 0.80256
53 174 0.895641
53 176 0.748298
53 177 0.896984
53 178 0.896969
53 180 0.715325
53 181 0.837929
54 57 0.603398
54 68 0.756268
54 72 0.724447
54 74 0.714023
54 75 0.671974
54 76 0.667519
54 79 0.602009
54 84 0.634751
54 90 0.737687
54 92 0.65795
54 100 0.65904
54 102 0.788097
54 105 0.712885
54 120 0.684357
54 134 0.678776
54 141 0.653677
54 144 0.716794
54 167 0.721561
54 172 0.628514
54 173 0.664134
54 176 0.732251
55 57 0.78439
55 61 0.978244
55 66 0.877661
55 68 0.64585
55 69 0.859467
55 75 0.667038
55 77 0.696437
55 78 0.85854
55 79 0.807444
55 80 0.891697
55 81 0.906594
55 83 0.913826
55 84 0.723637
55 91 0.967398
55 93 0.84595
55 95 0.858049
55 96 0.783606
55 98 0.934879
55 104 0.73355
55 117 0.736511
55 118 0.794551
55 120 0.65286
55 128 0.781536
55 129 0.645678
55 130 0.812656
55 134 0.632917
55 135 0.860099
55 136 0.791346
55 140 0.746971
55 143 0.693338
55 146 0.857218
55 148 0.738577
55 151 0.746197
55 163 0.784772
55 164 0.750631
55 165 0.855154
55 166 0.766231
55 167 0.65837
55 169 0.786279
55 171 0.815908
55 172 0.755452
55 174 0.899242
55 177 0.696326
55 178 0.659282
55 180 0.681826
55 181 0.825302
57 61 0.813661
57 66 0.902844
57 68 0.875986
57 69 0.931918
57 72 0.833317
57 74 0.746481
57 75 0.875466
57 76 0.791527
57 77 0.762217
57 78 0.902322
57 79 0.883167
57 80 0.665058
57 81 0.942844
57 83 0.849008
57 84 0.911471
57 88 0.847439
57 90 0.69131
57 91 0.810682
57 92 0.744917
57 93 0.940296
57 95 0.682591
57 96 0.638473
57 99 0.866065
57 100 0.739433
57 102 0.795153
57 103 0.632426
57 104 0.930467
57 105 0.707653
57 117 0.695397
57 118 0.951683
57 120 0.814541
57 125 0.774155
57 128 0.837389
57 129 0.760773
57 130 0.830506
57 132 0.711249
57 134 0.894069
57 135 0.843343
57 136 0.914251
57 140 0.642991
57 141 0.853647
57 143 0.944562
57 144 0.668522
57 146 0.792508
57 148 0.845015
57 151 0.857032
57 161 0.671642
57 163 0.952796
57 164 0.734362
57 165 0.724779
57 166 0.864203
57 167 0.91707
57 169 0.884835
57 171 0.886395
57 172 0.958305
57 173 0.827656
57 174 0.887164
57 176 0.785914
57 177 0.879076
57 178 0.88643
57 180 0.632059
57 181 0.743308
58 112 0.834347
58 113 0.812731
58 114 0.868614
58 170 0.643941
59 66 0.642479
59 125 0.785383
59 132 0.797965
59 135 0.638366
59 136 0.6201
59 140 0.785591
59 146 0.678517
59 148 0.692982
59 151 0.663925
59 164 0.691791
59 165 0.66979
59 166 0.722127
59 169 0.660193
59 177 0.70464
59 178 0.684269
59 180 0.82648
59 181 0.749054
60 63 0.661121
60 70 0.758875
60 111 0.779572
60 123 0.74355
60 124 0.770431
60 126 0.771096
60 131 0.716738
60 133 0.753501
60 147 0.716304
60 149 0.782749
60 150 0.61697
60 152 0.737285
60 154 0.780035
60 155 0.778838
60 156 0.687271
60 157 0.773639
60 158 0.710499
60 159 0.786539
61 66 0.900455
61 68 0.679342
61 69 0.877279
61 75 0.712527
61 77 0.727246
61 78 0.880879
61 79 0.834208
61 80 0.859939
61 81 0.929911
61 83 0.921619
61 84 0.762505
61 91 0.960561
61 92 0.616227
61 93 0.861338
61 95 0.847217
61 96 0.757402
61 98 0.901368
61 99 0.612701
61 104 0.757432
61 117 0.713775
61 118 0.826728
61 120 0.692665
61 128 0.782872
61 129 0.649382
61 130 0.836359
61 134 0.663761
61 135 0.879892
61 136 0.816078
61 140 0.748915
61 141 0.642212
61 143 0.709935
61 146 0.862975
61 148 0.76226
61 151 0.764621
61 163 0.813637
61 164 0.748259
61 165 0.844877
61 166 0.783704
61 167 0.694567
61 169 0.807143
61 171 0.83496
61 172 0.784048
61 174 0.895846
61 177 0.736787
61 178 0.684535
61 180 0.702059
61 181 0.822294
62 113 0.699206
63 70 0.91083
63 73 0.883174
63 88 0.611683
63 99 0.663749
63 103 0.853752
63 111 0.83347
63 115 0.638764
63 116 0.615512
63 117 0.602467
63 123 0.786893
63 124 0.8548
63 126 0.85785
63 131 0.81229
63 133 0.782276
63 138 0.959387
63 139 0.764176
63 147 0.761137
63 149 0.858767
63 150 0.921555
63 152 0.84758
63 154 0.852927
63 155 0.820774
63 156 0.939589
63 157 0.875733
63 158 0.788227
63 159 0.843511
63 160 0.861337
63 161 0.684197
63 168 0.903614
63 179 0.898061
64 71 0.629355
64 112 0.678436
64 113 0.732287
64 114 0.634042
64 121 0.691844
65 80 0.669668
65 96 0.843925
65 132 0.60593
65 140 0.626637
65 146 0.608914
65 164 0.636445
65 165 0.713206
65 166 0.61427
65 169 0.631809
65 180 0.659806
65 181 0.70103
66 68 0.726886
66 69 0.927669
66 72 0.652533
66 75 0.721962
66 77 0.623123
66 78 0.921858
66 79 0.836106
66 80 0.812305
66 81 0.94149
66 83 0.912822
66 84 0.860455
66 88 0.706868
66 91 0.91104
66 93 0.917578
66 95 0.669859
66 96 0.752229
66 98 0.713603
66 99 0.763195
66 104 0.902607
66 117 0.797584
66 118 0.914775
66 120 0.636852
66 125 0.871722
66 128 0.699947
66 129 0.656012
66 130 0.710927
66 132 0.847532
66 134 0.788733
66 135 0.932309
66 136 0.929022
66 140 0.873743
66 141 0.655798
66 143 0.79446
66 146 0.9425
66 148 0.924383
66 151 0.926651
66 163 0.916485
66 164 0.898424
66 165 0.897552
66 166 0.947766
66 167 0.765323
66 169 0.933764
66 171 0.950853
66 172 0.862022
66 173 0.652258
66 174 0.859302
66 177 0.915369
66 178 0.879327
66 180 0.856976
66 181 0.9308
67 71 0.612145
67 121 0.68271
68 69 0.816471
68 72 0.938736
68 74 0.907388
68 75 0.942087
68 76 0.911164
68 77 0.789156
68 78 0.788905
68 79 0.875187
68 81 0.810973
68 83 0.77085
68 84 0.889133
68 88 0.791391
68 90 0.887899
68 91 0.719484
68 92 0.70645
68 93 0.904138
68 99 0.729235
68 100 0.90284
68 102 0.95831
68 104 0.802753
68 105 0.853918
68 118 0.845753
68 120 0.937064
68 128 0.787482
68 129 0.648739
68 130 0.805761
68 134 0.917941
68 135 0.761934
68 136 0.829923
68 141 0.897461
68 143 0.868963
68 144 0.878993
68 148 0.709785
68 151 0.71618
68 163 0.831881
68 166 0.683897
68 167 0.974305
68 169 0.759962
68 171 0.683802
68 172 0.948382
68 173 0.884676
68 174 0.807513
68 176 0.918698
68 177 0.762842
68 178 0.779222
69 72 0.730094
69 74 0.652493
69 75 0.805718
69 76 0.736182
69 77 0.759752
69 78 0.897656
69 79 0.853617
69 80 0.764325
69 81 0.936464
69 83 0.862524
69 84 0.863409
69 88 0.840145
69 91 0.850727
69 92 0.663476
69 93 0.941767
69 95 0.779608
69 96 0.726536
69 98 0.726953
69 99 0.87575
69 100 0.659796
69 102 0.701834
69 103 0.665018
69 104 0.947809
69 105 0.636863
69 117 0.774451
69 118 0.94553
69 120 0.756412
69 125 0.791975
69 128 0.840587
69 129 0.815619
69 130 0.839467
69 132 0.75853
69 134 0.847445
69 135 0.853746
69 136 0.919375
69 140 0.705942
69 141 0.807398
69 143 0.900427
69 146 0.851746
69 148 0.900092
69 151 0.911995
69 161 0.673149
69 163 0.967632
69 164 0.814644
69 165 0.790552
69 166 0.868402
69 167 0.855884
69 169 0.890606
69 171 0.951974
69 172 0.918162
69 173 0.737676
69 174 0.921418
69 176 0.676953
69 177 0.859855
69 178 0.85128
69 180 0.684323
69 181 0.810723
70 73 0.684823
70 103 0.707261
70 110 0.638032
70 111 0.92219
70 115 0.644865
70 116 0.633068
70 123 0.853711
70 124 0.898057
70 126 0.903764
70 131 0.827579
70 133 0.854867
70 138 0.835843
70 139 0.66287
70 147 0.784362
70 149 0.943367
70 150 0.811786
70 152 0.853856
70 154 0.929313
70 155 0.913361
70 156 0.860074
70 157 0.924164
70 158 0.799971
70 159 0.930736
70 160 0.654566
70 168 0.761893
70 179 0.749259
72 74 0.9415
72 75 0.943687
72 76 0.935059
72 77 0.776136
72 78 0.75486
72 79 0.841914
72 81 0.73649
72 83 0.711087
72 84 0.913238
72 88 0.767923
72 90 0.933173
72 91 0.611623
72 92 0.661527
72 93 0.840355
72 99 0.681441
72 100 0.93891
72 102 0.958294
72 104 0.767187
72 105 0.880667
72 118 0.832527
72 120 0.899536
72 128 0.736491
72 130 0.733727
72 134 0.945392
72 135 0.725163
72 136 0.824723
72 141 0.919803
72 143 0.821025
72 144 0.928962
72 148 0.646009
72 151 0.644658
72 163 0.795193
72 166 0.657474
72 167 0.959575
72 169 0.745766
72 171 0.615834
72 172 0.906397
72 173 0.902667
72 174 0.687269
72 176 0.954562
72 177 0.786175
72 178 0.81027
73 103 0.793567
73 138 0.904232
73 139 0.633854
73 150 0.803339
73 156 0.777473
73 160 0.960695
73 168 0.851349
73 179 0.94519
74 75 0.913542
74 76 0.958412
74 77 0.819175
74 78 0.668762
74 79 0.813505
74 81 0.633995
74 83 0.61281
74 84 0.792599
74 88 0.737332
74 90 0.964741
74 92 0.679097
74 93 0.756166
74 99 0.62697
74 100 0.931984
74 102 0.968599
74 104 0.676522
74 105 0.936119
74 118 0.738477
74 120 0.925904
74 128 0.750105
74 129 0.614524
74 130 0.769525
74 134 0.865763
74 136 0.693822
74 141 0.914073
74 143 0.778954
74 144 0.966134
74 161 0.605732
74 163 0.691174
74 167 0.912439
74 169 0.60331
74 172 0.840214
74 173 0.857833
74 174 0.62867
74 176 0.984327
74 177 0.615694
74 178 0.672454
75 76 0.947976
75 77 0.856775
75 78 0.808747
75 79 0.887911
75 81 0.820751
75 83 0.798583
75 84 0.902826
75 88 0.77058
75 90 0.866611
75 91 0.733274
75 92 0.725259
75 93 0.882287
75 99 0.71001
75 100 0.897538
75 102 0.931048
75 104 0.790474
75 105 0.866388
75 118 0.878578
75 120 0.942311
75 128 0.82475
75 129 0.67013
75 130 0.85762
75 134 0.913192
75 135 0.772199
75 136 0.844876
75 141 0.950718
75 143 0.867311
75 144 0.85707
75 148 0.666393
75 151 0.669881
75 163 0.844305
75 166 0.670596
75 167 0.950998
75 169 0.763413
75 171 0.682546
75 172 0.931365
75 173 0.893039
75 174 0.79812
75 176 0.925089
75 177 0.772053
75 178 0.779296
76 77 0.883166
76 78 0.704797
76 79 0.81465
76 81 0.70506
76 83 0.658911
76 84 0.821374
76 88 0.788487
76 90 0.905119
76 92 0.696014
76 93 0.790365
76 99 0.690822
76 100 0.954679
76 102 0.956817
76 104 0.725867
76 105 0.915505
76 118 0.799827
76 120 0.942577
76 128 0.804606
76 129 0.680435
76 130 0.835125
76 134 0.866234
76 135 0.639233
76 136 0.743171
76 141 0.972723
76 143 0.839653
76 144 0.904907
76 161 0.628387
76 163 0.777199
76 167 0.923327
76 169 0.648553
76 172 0.867773
76 173 0.872904
76 174 0.71628
76 176 0.952345
76 177 0.658988
76 178 0.679978
77 78 0.788855
77 79 0.851898
77 81 0.746831
77 83 0.763613
77 84 0.778702
77 88 0.670938
77 90 0.679224
77 91 0.691315
77 92 0.761282
77 93 0.77415
77 95 0.793567
77 99 0.643233
77 100 0.797248
77 102 0.807206
77 104 0.701581
77 105 0.834889
77 118 0.823532
77 120 0.85092
77 128 0.917911
77 129 0.796324
77 130 0.929529
77 134 0.777064
77 135 0.696366
77 136 0.742684
77 141 0.882975
77 143 0.784173
77 144 0.668302
77 161 0.621719
77 163 0.739348
77 167 0.803913
77 169 0.669229
77 171 0.61144
77 172 0.799839
77 173 0.755449
77 174 0.755703
77 176 0.819051
77 177 0.616961
77 178 0.647739
78 79 0.946485
78 80 0.726766
78 81 0.928082
78 83 0.961399
78 84 0.926229
78 88 0.663612
78 91 0.904559
78 92 0.688143
78 93 0.93463
78 95 0.760308
78 96 0.724284
78 98 0.680698
78 99 0.707513
78 100 0.637505
78 102 0.689502
78 104 0.872745
78 105 0.65762
78 117 0.679974
78 118 0.943713
78 120 0.743337
78 125 0.751597
78 128 0.850934
78 129 0.705755
78 130 0.828612
78 132 0.721664
78 134 0.867277
78 135 0.950919
78 136 0.951336
78 140 0.789989
78 141 0.749549
78 143 0.777091
78 146 0.877905
78 148 0.856126
78 151 0.845937
78 163 0.877359
78 164 0.757878
78 165 0.8552
78 166 0.902061
78 167 0.827854
78 169 0.919795
78 171 0.872794
78 172 0.882498
78 173 0.713337
78 174 0.846314
78 176 0.689235
78 177 0.891703
78 178 0.903995
78 180 0.775229
78 181 0.865666
79 80 0.620187
79 81 0.887274
79 83 0.933977
79 84 0.925811
79 88 0.669556
79 90 0.720718
79 91 0.862274
79 92 0.726365
79 93 0.940887
79 95 0.731108
79 98 0.615346
79 99 0.666858
79 100 0.762119
79 102 0.817143
79 104 0.83408
79 105 0.786602
79 118 0.90916
79 120 0.855222
79 125 0.629816
79 128 0.866995
79 129 0.694438
79 130 0.868389
79 134 0.910266
79 135 0.918937
79 136 0.914266
79 140 0.655712
79 141 0.824502
79 143 0.796084
79 144 0.705903
79 146 0.755768
79 148 0.770149
79 151 0.76193
79 163 0.838707
79 165 0.740334
79 166 0.813563
79 167 0.896606
79 169 0.871762
79 171 0.776716
79 172 0.916515
79 173 0.782441
79 174 0.827753
79 176 0.821958
79 177 0.840099
79 178 0.861277
79 180 0.63782
79 181 0.747564
80 81 0.786344
80 83 0.788368
80 91 0.84435
80 93 0.706494
80 95 0.732088
80 96 0.863297
80 98 0.857751
80 104 0.685798
80 117 0.754263
80 118 0.677688
80 125 0.609207
80 130 0.608757
80 132 0.645246
80 135 0.754178
80 136 0.681721
80 140 0.788221
80 146 0.877519
80 148 0.737824
80 151 0.748349
80 163 0.712619
80 164 0.812817
80 165 0.879999
80 166 0.723255
80 169 0.716039
80 171 0.787878
80 174 0.744177
80 177 0.63576
80 178 0.610781
80 180 0.753817
80 181 0.841198
81 83 0.928574
81 84 0.895925
81 88 0.709501
81 91 0.923994
81 92 0.699028
81 93 0.947804
81 95 0.757483
81 96 0.717368
81 98 0.741428
81 99 0.760748
81 100 0.649337
81 102 0.69837
81 104 0.881967
81 105 0.614328
81 117 0.698243
81 118 0.933001
81 120 0.771538
81 125 0.732581
81 128 0.82737
81 129 0.692208
81 130 0.83878
81 132 0.691387
81 134 0.831042
81 135 0.908778
81 136 0.92645
81 140 0.748497
81 141 0.777547
81 143 0.849748
81 146 0.863055
81 148 0.854935
81 151 0.855382
81 163 0.923437
81 164 0.783055
81 165 0.82574
81 166 0.868743
81 167 0.845495
81 169 0.896506
81 171 0.895582
81 172 0.908121
81 173 0.784924
81 174 0.927148
81 176 0.661938
81 177 0.876901
81 178 0.839513
81 180 0.717442
81 181 0.833691
82 85 0.776867
82 87 0.888979
83 84 0.898924
83 91 0.970001
83 92 0.651682
83 93 0.929323
83 95 0.748597
83 96 0.720803
83 98 0.741618
83 99 0.601967
83 100 0.602566
83 102 0.651288
83 104 0.810431
83 105 0.607164
83 117 0.633818
83 118 0.898401
83 120 0.732174
83 125 0.685897
83 128 0.806956
83 129 0.620241
83 130 0.809363
83 132 0.667518
83 134 0.821889
83 135 0.975976
83 136 0.926844
83 140 0.806446
83 141 0.697036
83 143 0.724538
83 146 0.873482
83 148 0.815762
83 151 0.806211
83 163 0.835386
83 164 0.728968
83 165 0.890999
83 166 0.872126
83 167 0.790303
83 169 0.904636
83 171 0.823138
83 172 0.855191
83 173 0.68261
83 174 0.853275
83 176 0.630879
83 177 0.859398
83 178 0.848861
83 180 0.784865
83 181 0.888925
84 88 0.714218
84 90 0.740032
84 91 0.821905
84 92 0.685206
84 93 0.945017
84 99 0.710692
84 100 0.796966
84 102 0.830401
84 104 0.868906
84 105 0.750494
84 118 0.944177
84 120 0.819932
84 125 0.738658
84 128 0.803244
84 129 0.606912
84 130 0.774657
84 132 0.679583
84 134 0.961087
84 135 0.919236
84 136 0.964688
84 140 0.685929
84 141 0.849227
84 143 0.822067
84 144 0.726585
84 146 0.743471
84 148 0.824285
84 151 0.813051
84 163 0.894875
84 164 0.648238
84 165 0.740632
84 166 0.869553
84 167 0.928287
84 169 0.918093
84 171 0.797937
84 172 0.935349
84 173 0.851666
84 174 0.801321
84 176 0.815913
84 177 0.939914
84 178 0.932025
84 180 0.699324
84 181 0.775292
85 87 0.75927
87 170 0.62641
88 90 0.695773
88 93 0.765177
88 99 0.953398
88 100 0.735914
88 102 0.754489
88 103 0.882591
88 104 0.879898
88 105 0.697327
88 115 0.605656
88 117 0.622338
88 118 0.82251
88 120 0.723875
88 124 0.621706
88 125 0.731907
88 128 0.684718
88 129 0.827894
88 130 0.696153
88 131 0.63034
88 132 0.66051
88 134 0.791888
88 136 0.743898
88 138 0.683004
88 141 0.837803
88 143 0.93305
88 144 0.687044
88 147 0.6032
88 148 0.742079
88 150 0.703479
88 151 0.776363
88 152 0.634768
88 156 0.670702
88 157 0.62571
88 161 0.871981
88 163 0.873612
88 166 0.658861
88 167 0.830612
88 169 0.693036
88 171 0.801911
88 172 0.849323
88 173 0.747895
88 174 0.740476
88 176 0.761414
88 177 0.70134
88 178 0.737748
89 94 0.973493
89 119 0.976357
89 153 0.956866
90 92 0.623254
90 93 0.691707
90 100 0.915974
90 102 0.954544
90 104 0.60519
90 105 0.88802
90 118 0.643295
90 120 0.88907
90 128 0.638945
90 130 0.652536
90 134 0.824777
90 136 0.618661
90 141 0.856162
90 143 0.722937
90 144 0.996833
90 163 0.616248
90 167 0.886961
90 172 0.793021
90 173 0.834556
90 176 0.966451
90 178 0.618517
91 93 0.896911
91 95 0.758367
91 96 0.740985
91 98 0.831912
91 104 0.754243
91 117 0.65899
91 118 0.829634
91 120 0.698258
91 125 0.637322
91 128 0.756279
91 130 0.781779
91 132 0.624661
91 134 0.72074
91 135 0.936687
91 136 0.859739
91 140 0.800016
91 141 0.619089
91 143 0.690556
91 146 0.86194
91 148 0.777247
91 151 0.775483
91 163 0.802506
91 164 0.746351
91 165 0.875529
91 166 0.825955
91 167 0.72728
91 169 0.852971
91 171 0.8095
91 172 0.806569
91 173 0.608483
91 174 0.879382
91 177 0.788155
91 178 0.747263
91 180 0.754594
91 181 0.872009
92 93 0.677675
92 95 0.720788
92 100 0.622191
92 102 0.703517
92 104 0.600399
92 105 0.68559
92 118 0.696843
92 120 0.774603
92 128 0.828548
92 129 0.667226
92 130 0.796853
92 134 0.654353
92 136 0.635105
92 141 0.736959
92 143 0.728566
92 163 0.624445
92 167 0.75262
92 172 0.698459
92 173 0.647944
92 174 0.681107
92 176 0.718667
93 95 0.697526
93 96 0.674177
93 98 0.644059
93 99 0.771287
93 100 0.750761
93 102 0.805514
93 104 0.91894
93 105 0.719114
93 117 0.646654
93 118 0.945618
93 120 0.838711
93 125 0.745586
93 128 0.833385
93 129 0.700333
93 130 0.831083
93 132 0.70249
93 134 0.929652
93 135 0.927031
93 136 0.955559
93 140 0.705094
93 141 0.822344
93 143 0.872378
93 144 0.676665
93 146 0.808559
93 148 0.859017
93 151 0.860072
93 163 0.936305
93 164 0.717311
93 165 0.782818
93 166 0.88389
93 167 0.925851
93 169 0.930725
93 171 0.870748
93 172 0.970234
93 173 0.827389
93 174 0.898791
93 176 0.776664
93 177 0.899052
93 178 0.899842
93 180 0.686615
93 181 0.815771
94 119 0.992762
94 153 0.989946
95 96 0.714758
95 98 0.899366
95 99 0.600821
95 104 0.648427
95 109 0.671824
95 117 0.684902
95 118 0.709395
95 120 0.626797
95 128 0.862753
95 129 0.818796
95 130 0.875712
95 135 0.646856
95 136 0.636579
95 141 0.609303
95 143 0.655282
95 146 0.698037
95 163 0.668938
95 165 0.654915
95 171 0.702128
95 172 0.638555
95 174 0.802966
96 98 0.749692
96 104 0.669658
96 117 0.807167
96 118 0.674806
96 125 0.603244
96 128 0.616757
96 132 0.65321
96 135 0.689013
96 136 0.657395
96 140 0.713228
96 146 0.79617
96 148 0.663021
96 151 0.660436
96 163 0.69207
96 164 0.759928
96 165 0.826364
96 166 0.725272
96 169 0.721293
96 171 0.726584
96 174 0.660241
96 177 0.619056
96 178 0.622632
96 180 0.692645
96 181 0.79346
97 109 0.631525
97 115 0.768553
97 116 0.781235
97 122 0.903102
97 129 0.724732
97 131 0.688657
97 133 0.637854
97 147 0.677372
97 152 0.612183
97 161 0.773453
98 117 0.729371
98 118 0.60264
98 128 0.680707
98 129 0.62739
98 130 0.733994
98 135 0.659587
98 140 0.600304
98 146 0.748146
98 163 0.605232
98 164 0.650477
98 165 0.735068
98 171 0.688853
98 174 0.786433
98 181 0.670888
99 100 0.609757
99 102 0.658712
99 103 0.892461
99 104 0.908823
99 105 0.602054
99 115 0.641813
99 116 0.620584
99 117 0.737381
99 118 0.849393
99 120 0.635064
99 122 0.639105
99 124 0.651727
99 125 0.799675
99 126 0.630767
99 128 0.718225
99 129 0.851361
99 130 0.690176
99 131 0.672746
99 132 0.747212
99 134 0.770063
99 136 0.776021
99 138 0.729097
99 141 0.778214
99 143 0.917317
99 146 0.681573
99 147 0.646972
99 148 0.803467
99 150 0.724642
99 151 0.832436
99 152 0.675564
99 156 0.717537
99 157 0.651198
99 158 0.615467
99 161 0.878566
99 163 0.890628
99 164 0.713756
99 166 0.73727
99 167 0.780438
99 168 0.638359
99 169 0.73749
99 171 0.864043
99 172 0.824671
99 173 0.707118
99 174 0.767009
99 176 0.66476
99 177 0.746992
99 178 0.765851
100 102 0.948526
100 104 0.658605
100 105 0.884164
100 118 0.720266
100 120 0.926804
100 128 0.69664
100 130 0.747444
100 134 0.828566
100 135 0.602304
100 136 0.687121
100 141 0.910735
100 143 0.775699
100 144 0.922565
100 163 0.711972
100 167 0.904203
100 169 0.607898
100 172 0.831556
100 173 0.852611
100 174 0.645972
100 176 0.927087
100 177 0.62805
100 178 0.632917
102 104 0.705656
102 105 0.914394
102 118 0.768395
102 120 0.943917
102 128 0.764041
102 129 0.604848
102 130 0.773891
102 134 0.889209
102 135 0.637316
102 136 0.734194
102 141 0.921874
102 143 0.819114
102 144 0.950398
102 163 0.742439
102 167 0.947544
102 169 0.652261
102 172 0.881109
102 173 0.894643
102 174 0.698918
102 176 0.970278
102 177 0.662813
102 178 0.697152
103 104 0.734021
103 111 0.682081
103 115 0.633804
103 116 0.605272
103 117 0.64516
103 123 0.663664
103 124 0.751264
103 125 0.677708
103 126 0.741827
103 129 0.731094
103 131 0.734822
103 132 0.641907
103 133 0.637316
103 138 0.87511
103 139 0.708621
103 143 0.75728
103 147 0.689383
103 148 0.628674
103 149 0.704669
103 150 0.887199
103 151 0.671555
103 152 0.763299
103 154 0.715042
103 155 0.679322
103 156 0.87156
103 157 0.767924
103 158 0.712203
103 159 0.711819
103 160 0.742693
103 161 0.848661
103 163 0.692322
103 168 0.82827
103 171 0.698776
103 179 0.745224
104 105 0.641461
104 117 0.747964
104 118 0.949686
104 120 0.699128
104 125 0.864024
104 128 0.768682
104 129 0.802953
104 130 0.74576
104 132 0.826867
104 134 0.88578
104 135 0.823773
104 136 0.925907
104 140 0.693843
104 141 0.800102
104 143 0.908172
104 146 0.832823
104 148 0.915857
104 151 0.928968
104 161 0.754108
104 163 0.964785
104 164 0.800303
104 165 0.75961
104 166 0.891174
104 167 0.855164
104 169 0.905699
104 171 0.940341
104 172 0.920782
104 173 0.772151
104 174 0.822082
104 176 0.712998
104 177 0.90095
104 178 0.918732
104 180 0.699745
104 181 0.798211
105 118 0.717846
105 120 0.883109
105 128 0.756359
105 129 0.641901
105 130 0.769822
105 134 0.813839
105 136 0.665675
105 141 0.882276
105 143 0.743117
105 144 0.884329
105 161 0.611573
105 163 0.657117
105 167 0.857745
105 172 0.792173
105 173 0.810367
105 174 0.618303
105 176 0.939653
105 178 0.634218
106 121 0.652054
109 115 0.673563
109 116 0.687999
109 122 0.698167
109 129 0.745823
109 147 0.698046
109 152 0.636781
109 158 0.613386
110 111 0.613055
110 124 0.610596
110 126 0.606054
110 149 0.62175
110 154 0.61679
110 155 0.6081
110 157 0.609794
110 159 0.619702
111 115 0.830949
111 116 0.82827
111 117 0.628938
111 123 0.944052
111 124 0.956009
111 126 0.94292
111 131 0.951308
111 133 0.963475
111 138 0.777806
111 139 0.697616
111 147 0.914979
111 149 0.95946
111 150 0.770916
111 152 0.933784
111 154 0.965909
111 155 0.971571
111 156 0.859726
111 157 0.961147
111 158 0.842446
111 159 0.974143
111 161 0.674794
111 168 0.651865
111 179 0.606113
112 113 0.949454
112 114 0.95084
112 121 0.733022
113 114 0.931208
113 121 0.740469
114 121 0.754816
115 116 0.993511
115 117 0.610852
115 122 0.831325
115 123 0.837006
115 124 0.813709
115 126 0.767224
115 129 0.773149
115 131 0.935852
115 133 0.900931
115 138 0.678018
115 139 0.617883
115 147 0.906422
115 149 0.721336
115 150 0.621967
115 152 0.856388
115 154 0.762198
115 155 0.788612
115 156 0.736776
115 157 0.785739
115 158 0.711079
115 159 0.779029
115 161 0.836212
116 122 0.850766
116 123 0.835183
116 124 0.811177
116 126 0.762774
116 129 0.76368
116 131 0.938092
116 133 0.908319
116 138 0.650097
116 139 0.602213
116 147 0.91377
116 149 0.715192
116 152 0.855099
116 154 0.758468
116 155 0.791188
116 156 0.721865
116 157 0.781072
116 158 0.70327
116 159 0.778006
116 161 0.832252
117 118 0.705447
117 123 0.647342
117 124 0.686579
117 125 0.749051
117 126 0.676112
117 129 0.745909
117 131 0.680377
117 132 0.764209
117 133 0.62916
117 135 0.616207
117 136 0.641395
117 140 0.672849
117 143 0.661249
117 146 0.836918
117 147 0.685229
117 148 0.711709
117 149 0.620365
117 150 0.630003
117 151 0.739825
117 152 0.697627
117 154 0.636525
117 155 0.637439
117 156 0.672545
117 157 0.668328
117 158 0.620399
117 159 0.645183
117 161 0.615498
117 163 0.713222
117 164 0.817596
117 165 0.761017
117 166 0.766693
117 169 0.694805
117 171 0.810782
117 172 0.610702
117 174 0.686267
117 177 0.613682
117 178 0.616938
117 180 0.635745
117 181 0.742337
118 120 0.778492
118 125 0.810993
118 128 0.853683
118 129 0.797004
118 130 0.835466
118 132 0.768102
118 134 0.925533
118 135 0.894389
118 136 0.9714
118 140 0.701011
118 141 0.861307
118 143 0.902686
118 144 0.625146
118 146 0.838134
118 148 0.88228
118 151 0.884608
118 161 0.699537
118 163 0.960994
118 164 0.757079
118 165 0.805672
118 166 0.894063
118 167 0.891545
118 169 0.928747
118 171 0.904249
118 172 0.944016
118 173 0.829019
118 174 0.861641
118 176 0.76791
118 177 0.926763
118 178 0.930444
118 180 0.711164
118 181 0.816245
119 153 0.991827
120 128 0.825397
120 129 0.6354
120 130 0.87636
120 134 0.833588
120 135 0.697491
120 136 0.739288
120 141 0.913986
120 143 0.821852
120 144 0.879643
120 163 0.756866
120 167 0.937362
120 169 0.662829
120 172 0.883325
120 173 0.842156
120 174 0.782721
120 176 0.922237
120 177 0.636317
120 178 0.651783
122 123 0.646335
122 124 0.634373
122 129 0.786516
122 131 0.777392
122 133 0.707977
122 147 0.780457
122 152 0.70669
122 156 0.601898
122 161 0.851393
123 124 0.973147
123 126 0.96013
123 129 0.607839
123 131 0.929671
123 133 0.939839
123 138 0.728842
123 139 0.700582
123 147 0.953487
123 149 0.945036
123 150 0.806409
123 152 0.971065
123 154 0.964613
123 155 0.973597
123 156 0.871592
123 157 0.963789
123 158 0.887631
123 159 0.963618
123 161 0.697817
123 168 0.60252
124 126 0.992622
124 129 0.639312
124 131 0.93675
124 133 0.939662
124 138 0.804325
124 139 0.762367
124 147 0.957282
124 149 0.971839
124 150 0.869028
124 152 0.986957
124 154 0.985641
124 155 0.982587
124 156 0.934801
124 157 0.993109
124 158 0.938846
124 159 0.984544
124 161 0.733455
124 168 0.694976
124 179 0.636003
125 132 0.97537
125 134 0.720888
125 135 0.754777
125 136 0.839314
125 140 0.816408
125 143 0.707034
125 146 0.841877
125 148 0.916068
125 151 0.918479
125 161 0.608639
125 163 0.831055
125 164 0.895976
125 165 0.773454
125 166 0.897098
125 167 0.631876
125 169 0.849824
125 171 0.891673
125 172 0.72035
125 174 0.644293
125 177 0.886416
125 178 0.876991
125 180 0.838154
125 181 0.845439
126 129 0.60037
126 131 0.905898
126 133 0.915714
126 138 0.800582
126 139 0.759494
126 147 0.934619
126 149 0.977963
126 150 0.879884
126 152 0.972689
126 154 0.984915
126 155 0.976764
126 156 0.93292
126 157 0.991062
126 158 0.947098
126 159 0.981355
126 161 0.690938
126 168 0.704167
126 179 0.638739
128 129 0.82037
128 130 0.939202
128 134 0.799419
128 135 0.736077
128 136 0.789671
128 141 0.836962
128 143 0.818305
128 144 0.610447
128 146 0.650965
128 148 0.635229
128 151 0.644188
128 161 0.631493
128 163 0.789812
128 165 0.621621
128 166 0.670666
128 167 0.825372
128 169 0.726868
128 171 0.710817
128 172 0.835836
128 173 0.729678
128 174 0.839722
128 176 0.776645
128 177 0.667713
128 178 0.704153
129 130 0.81226
129 131 0.723426
129 133 0.607908
129 134 0.667911
129 136 0.683992
129 138 0.603541
129 141 0.743602
129 143 0.832444
129 146 0.641362
129 147 0.732998
129 148 0.658102
129 150 0.626902
129 151 0.689739
129 152 0.70216
129 156 0.654996
129 157 0.604363
129 158 0.609568
129 161 0.890548
129 163 0.768684
129 166 0.605782
129 167 0.681243
129 169 0.625025
129 171 0.757129
129 172 0.739493
129 173 0.608861
129 174 0.741553
129 176 0.64478
129 178 0.635887
130 134 0.752405
130 135 0.734339
130 136 0.763838
130 141 0.862653
130 143 0.821406
130 144 0.632548
130 146 0.627495
130 148 0.622976
130 151 0.635608
130 163 0.794823
130 166 0.61092
130 167 0.823045
130 169 0.688
130 171 0.716576
130 172 0.836057
130 173 0.731901
130 174 0.85283
130 176 0.777015
130 177 0.626713
130 178 0.652145
131 133 0.971157
131 138 0.793754
131 139 0.717715
131 147 0.96508
131 149 0.880675
131 150 0.773066
131 152 0.954277
131 154 0.90761
131 155 0.921876
131 156 0.876475
131 157 0.923895
131 158 0.827399
131 159 0.918113
131 161 0.825326
131 168 0.640598
131 179 0.611033
132 134 0.652704
132 135 0.734692
132 136 0.806909
132 140 0.834965
132 143 0.642759
132 146 0.850871
132 148 0.887963
132 151 0.888962
132 163 0.7862
132 164 0.908874
132 165 0.796231
132 166 0.87718
132 169 0.824224
132 171 0.872254
132 172 0.651111
132 177 0.845375
132 178 0.843794
132 180 0.858769
132 181 0.863018
133 138 0.751889
133 139 0.665217
133 147 0.950277
133 149 0.911348
133 150 0.723124
133 152 0.940514
133 154 0.93215
133 155 0.950862
133 156 0.839223
133 157 0.93135
133 158 0.823195
133 159 0.94148
133 161 0.716371
134 135 0.839567
134 136 0.933444
134 141 0.882228
134 143 0.853225
134 144 0.814246
134 146 0.661466
134 148 0.789398
134 151 0.785087
134 161 0.641834
134 163 0.887102
134 165 0.643987
134 166 0.825318
134 167 0.955151
134 169 0.881971
134 171 0.766058
134 172 0.951802
134 173 0.879495
134 174 0.769436
134 176 0.888437
134 177 0.900045
134 178 0.926715
134 181 0.687968
135 136 0.945371
135 140 0.863024
135 141 0.675856
135 143 0.705986
135 146 0.881659
135 148 0.85416
135 151 0.838844
135 163 0.842756
135 164 0.758129
135 165 0.90122
135 166 0.913911
135 167 0.793352
135 169 0.933892
135 171 0.837369
135 172 0.850999
135 173 0.667899
135 174 0.806774
135 176 0.614371
135 177 0.91323
135 178 0.89218
135 180 0.852828
135 181 0.922625
136 140 0.790453
136 141 0.801386
136 143 0.829804
136 144 0.601762
136 146 0.857962
136 148 0.912015
136 151 0.902589
136 163 0.935207
136 164 0.782609
136 165 0.839174
136 166 0.927392
136 167 0.876481
136 169 0.957162
136 171 0.899043
136 172 0.921608
136 173 0.797315
136 174 0.839251
136 176 0.721248
136 177 0.968927
136 178 0.958638
136 180 0.797516
136 181 0.875219
138 139 0.743032
138 147 0.738924
138 149 0.779791
138 150 0.893112
138 152 0.813598
138 154 0.783261
138 155 0.750091
138 156 0.907494
138 157 0.819644
138 158 0.758899
138 159 0.775826
138 160 0.882216
138 161 0.757695
138 168 0.874295
138 179 0.91576
139 147 0.723169
139 149 0.708824
139 150 0.799591
139 152 0.775171
139 154 0.725024
139 155 0.696471
139 156 0.812076
139 157 0.752494
139 158 0.77714
139 159 0.712783
139 161 0.65302
139 168 0.68118
139 179 0.62873
140 146 0.921525
140 148 0.835676
140 151 0.815375
140 163 0.682232
140 164 0.887489
140 165 0.920944
140 166 0.879373
140 169 0.82464
140 171 0.813647
140 174 0.613746
140 177 0.826242
140 178 0.773196
140 180 0.979649
140 181 0.95982
141 143 0.89144
141 144 0.846821
141 148 0.657918
141 151 0.666761
141 161 0.698004
141 163 0.849437
141 166 0.600952
141 167 0.928726
141 169 0.700624
141 171 0.688317
141 172 0.890775
141 173 0.891396
141 174 0.767207
141 176 0.924778
141 177 0.727618
141 178 0.741841
143 144 0.703782
143 146 0.67159
143 148 0.764359
143 151 0.795649
143 161 0.786329
143 163 0.928331
143 164 0.632547
143 166 0.738458
143 167 0.903725
143 169 0.790817
143 171 0.826688
143 172 0.930369
143 173 0.834028
143 174 0.84806
143 176 0.81585
143 177 0.776044
143 178 0.796023
143 181 0.601398
144 163 0.602869
144 167 0.874194
144 172 0.779799
144 173 0.827857
144 176 0.95845
144 178 0.6013
146 148 0.89106
146 151 0.891151
146 163 0.814373
146 164 0.920986
146 165 0.946275
146 166 0.919466
146 169 0.874575
146 171 0.914243
146 172 0.718751
146 174 0.770395
146 177 0.84427
146 178 0.821263
146 180 0.90548
146 181 0.949865
147 149 0.884444
147 150 0.78266
147 152 0.975519
147 154 0.915337
147 155 0.931198
147 156 0.878556
147 157 0.931982
147 158 0.885549
147 159 0.92278
147 161 0.80354
148 151 0.993598
148 163 0.901862
148 164 0.897188
148 165 0.821404
148 166 0.898788
148 167 0.739983
148 169 0.876041
148 171 0.9501
148 172 0.812244
148 173 0.630859
148 174 0.780571
148 177 0.910768
148 178 0.891792
148 180 0.841244
148 181 0.879428
149 150 0.837312
149 152 0.934427
149 154 0.993978
149 155 0.985845
149 156 0.894455
149 157 0.984495
149 158 0.898295
149 159 0.991688
149 161 0.610679
149 168 0.696741
149 179 0.629955
150 152 0.877362
150 154 0.844805
150 155 0.806974
150 156 0.958651
150 157 0.878273
150 158 0.869424
150 159 0.824779
150 160 0.767029
150 161 0.727565
150 168 0.857662
150 179 0.785818
151 161 0.616247
151 163 0.912764
151 164 0.89722
151 165 0.816186
151 166 0.895042
151 167 0.745902
151 169 0.872033
151 171 0.958983
151 172 0.822961
151 173 0.626979
151 174 0.795876
151 177 0.898242
151 178 0.883077
151 180 0.81819
151 181 0.869144
152 154 0.958456
152 155 0.959145
152 156 0.943237
152 157 0.973201
152 158 0.933662
152 159 0.95466
152 161 0.78709
152 168 0.698339
152 179 0.644627
154 155 0.993867
154 156 0.90824
154 157 0.9932
154 158 0.909898
154 159 0.995421
154 161 0.655106
154 168 0.687536
154 179 0.623127
155 156 0.881087
155 157 0.985466
155 158 0.889496
155 159 0.995384
155 161 0.656286
155 168 0.644816
156 157 0.934929
156 158 0.912202
156 159 0.891765
156 160 0.739898
156 161 0.769553
156 168 0.841741
156 179 0.779766
157 158 0.919527
157 159 0.992085
157 161 0.715713
157 168 0.723946
157 179 0.658035
158 159 0.89134
158 161 0.673823
158 168 0.65102
159 161 0.669361
159 168 0.678747
159 179 0.613808
160 168 0.84539
160 179 0.965746
161 163 0.691168
161 167 0.621585
161 168 0.603244
161 171 0.655533
161 172 0.652445
161 176 0.645367
161 178 0.616808
163 164 0.800338
163 165 0.772463
163 166 0.87115
163 167 0.879352
163 169 0.910175
163 171 0.93988
163 172 0.933952
163 173 0.798588
163 174 0.879085
163 176 0.718779
163 177 0.904126
163 178 0.898184
163 180 0.692581
163 181 0.799861
164 165 0.850866
164 166 0.86093
164 169 0.795366
164 171 0.92402
164 172 0.631445
164 174 0.708933
164 177 0.796627
164 178 0.759514
164 180 0.87496
164 181 0.892565
165 166 0.884794
165 169 0.875486
165 171 0.83409
165 172 0.671175
165 174 0.721713
165 177 0.822379
165 178 0.804161
165 180 0.913073
165 181 0.977988
166 167 0.745402
166 169 0.956187
166 171 0.898281
166 172 0.831583
166 173 0.615937
166 174 0.76466
166 177 0.94012
166 178 0.928686
166 180 0.877278
166 181 0.924829
167 169 0.813903
167 171 0.743629
167 172 0.966951
167 173 0.891929
167 174 0.818031
167 176 0.931554
167 177 0.82149
167 178 0.837652
168 179 0.852371
169 171 0.879593
169 172 0.878093
169 173 0.717756
169 174 0.794751
169 176 0.633506
169 177 0.948991
169 178 0.943707
169 180 0.830581
169 181 0.906802
171 172 0.828928
171 173 0.614403
171 174 0.846273
171 177 0.873013
171 178 0.861268
171 180 0.800986
171 181 0.872578
172 173 0.888924
172 174 0.873214
172 176 0.867466
172 177 0.86936
172 178 0.878493
172 181 0.703086
173 174 0.711526
173 176 0.874812
173 177 0.75992
173 178 0.745038
174 176 0.646174
174 177 0.74689
174 178 0.723002
174 181 0.720256
176 177 0.648593
176 178 0.708065
177 178 0.963219
177 180 0.84865
177 181 0.876262
178 180 0.802778
178 181 0.851616
180 181 0.951296
