1 2 125 
7 24 73 78 11 26 
14 25 46 59 106 138 126 
20 35 382 
28 5 99 
38 39 40 41 292 
49 50 51 52 
72 80 1755 
74 280 519 528 
77 966 1400 
89 920 1294 485 
139 238 539 
164 715 972 1801 
201 92 1189 
232 875 926 
244 248 266 764 
259 260 261 262 
356 118 166 
442 255 1739 
456 524 562 696 777 863 999 1069 130 870 
500 542 910 
546 984 1184 
570 779 993 
664 1021 1157 
760 122 168 
781 617 925 
791 849 1818 
805 992 1973 322 
823 811 1811 
979 1327 1380 
1260 172 1435 
1335 1632 1718 
1348 862 899 
1488 549 842 
1605 1051 1875 
1634 1493 1842 
1700 1162 1382 
1776 147 851 916 1116 
