2 1 125 
4 14 25 36 42 46 59 90 138 30 106 126 61 463 129 
5 28 99 
7 11 24 73 78 96 26 
22 35 280 519 74 20 
38 39 40 41 
49 50 51 52 
77 832 861 966 1002 1178 1400 122 771 168 547 802 1565 1938 374 760 808 602 727 1228 1414 1655 824 933 423 444 1028 1427 1638 1695 194 1011 1485 1537 183 1475 1699 307 1169 1263 1443 419 1609 1563 1099 1062 460 575 881 1397 1803 784 1167 1180 1985 325 98 144 531 544 1711 350 591 812 859 1274 171 44 1337 
115 245 1444 
118 166 356 656 
119 230 1162 
130 696 863 1353 456 524 562 777 999 
164 481 935 298 1801 
227 768 1782 1968 
244 266 764 
252 622 670 401 355 1078 1752 451 950 705 729 
255 442 1828 
259 260 261 262 
293 433 1299 1182 520 941 1524 
365 475 775 853 
366 1076 1654 453 
427 981 1012 1697 446 1210 1945 678 1222 1402 
597 636 1363 
616 979 1380 1327 452 
687 1335 1632 
816 344 369 
851 916 1776 160 
1396 485 856 
1493 1420 1891 
1605 1051 1875 
