0 65 0.7006270547945299
1 2 0.7509164806755357
1 38 0.6322411831278505
1 40 0.9010175411654837
1 57 0.7994685514566369
1 70 0.850749948755755
1 71 0.8118597012113937
1 86 0.773881710544585
1 98 0.6793056279786907
1 100 0.9479840541857136
1 147 0.6405682316675259
1 148 0.7599784673847956
1 153 0.8409630692313206
1 155 0.7100475931643718
2 38 0.8436854397321278
2 40 0.9166349635318938
2 67 0.7028259866127637
2 69 0.6876843334252065
2 70 0.9691347823053573
2 71 0.8729282857294861
2 86 0.6505879610178076
2 98 0.9430322902178663
2 100 0.8581587758230361
2 135 0.7396250693684856
2 147 0.7872201072991403
2 148 0.7666050684852644
2 153 0.7313273910362065
3 28 0.6241568660673267
3 34 0.7102131794146308
3 60 0.8182540372331136
3 64 0.7265529862200175
3 88 0.8772939730682052
3 92 0.8579777286387693
3 129 0.7382652681360964
3 150 0.6174804994600848
3 151 0.7548108863141347
3 152 0.8369939025313939
5 54 0.626388165321454
5 58 0.8275635126719498
5 63 0.6513493703358142
5 89 0.6948144169002685
5 96 0.7654841829733866
5 121 0.6998160479571589
5 122 0.7512867619202188
5 158 0.6025873824379232
6 8 0.865509712804243
6 16 0.867413028682477
6 21 0.9511338882417283
6 22 0.7825089045671355
6 25 0.9157240540090884
6 26 0.7299866168541264
6 34 0.6356592522427791
6 37 0.7682080952679733
6 39 0.7304037168512257
6 47 0.676190395219159
6 51 0.8945595871506518
6 52 0.9451357011340851
6 56 0.972124541211015
6 76 0.8798672988522751
6 80 0.7838575113534207
6 81 0.9902635398176199
6 85 0.9875897159782607
6 92 0.6421406704630446
6 97 0.8803815280373736
6 99 0.9664570740045619
6 107 0.7010779718555833
6 111 0.7250729039553108
6 112 0.8485643849305748
6 113 0.8936019704333986
6 117 0.919455705325935
6 118 0.9821559500534731
6 119 0.7245163162096503
6 129 0.6285225800479248
6 136 0.7985829150659888
6 138 0.8376509272085935
6 141 0.7618930322136654
6 142 0.9702675109604918
6 143 0.9335588939757752
6 149 0.7298128493625469
6 151 0.6534735176896673
6 152 0.6741344554843517
7 10 0.6317716993834414
7 13 0.6872460163190225
7 14 0.6910379127809481
7 17 0.6192432178505765
7 19 0.6197801226027987
7 43 0.6862850979865718
7 44 0.6039034243820882
7 48 0.8109223901664145
7 53 0.619203361263257
7 72 0.60054231565333
7 74 0.6682296799412261
7 77 0.7430143088973911
7 79 0.7367951128339447
7 102 0.6779199518242922
7 103 0.6475805137526502
7 104 0.6573074838771702
7 105 0.6358112384327752
7 108 0.7562143453990178
7 109 0.6273708700124149
7 110 0.7768210817747558
7 134 0.7106795943627209
8 16 0.9169472137797954
8 20 0.646568026109525
8 21 0.9388454390927476
8 22 0.811554685080885
8 25 0.8379339041812434
8 26 0.6489521799884139
8 34 0.6248109434888212
8 37 0.7851739964836798
8 39 0.6525710139897547
8 47 0.7948675280803947
8 51 0.9830731267506564
8 52 0.8925734145157849
8 56 0.8539279747822979
8 76 0.975320428931387
8 80 0.8718900528483116
8 81 0.8865037719341776
8 85 0.866333571700123
8 92 0.6313035663079165
8 97 0.9472287962212776
8 99 0.8449839486795333
8 107 0.7933174443719593
8 111 0.7716853825505724
8 112 0.9024724189221078
8 113 0.8980223622258849
8 117 0.8493121640253971
8 118 0.8739206037274425
8 119 0.6378657390151009
8 129 0.6018625300788243
8 136 0.8509295809402717
8 138 0.8353333065767284
8 141 0.7130025055865586
8 142 0.8699184833299918
8 143 0.9189722191251639
8 149 0.6444039850180958
8 151 0.6240728924605516
8 152 0.6604218528065602
9 23 0.6709014157053645
9 29 0.6353592066922229
9 33 0.6976666440497057
9 42 0.8531265438829532
9 49 0.8934793534897996
9 59 0.8188679756226002
9 63 0.6215957015366157
9 84 0.780559518699528
9 114 0.7378200918613922
9 116 0.6217128361049586
9 120 0.6103996953609765
9 126 0.8649435152759763
9 127 0.662297761784618
9 128 0.7802657192189337
9 158 0.6236991637861168
10 11 0.6417054899769598
10 12 0.7286466406714547
10 13 0.811598190423616
10 14 0.8317691293930152
10 18 0.645338419787246
10 43 0.9155641719822072
10 44 0.7753383431475548
10 45 0.9235282441912788
10 48 0.6084572299571307
10 53 0.6889344760254457
10 72 0.942752092794424
10 73 0.7220161534604788
10 74 0.6989657155318896
10 77 0.8291193091953
10 78 0.652363197192387
10 79 0.8072234498858648
10 102 0.8807530522576922
10 103 0.9445586775378858
10 104 0.8615695754433039
10 105 0.624672278960791
10 108 0.6841818148036602
10 109 0.7558999868704418
10 110 0.7361851808843203
10 134 0.6946037290244639
11 13 0.6526765452621606
11 18 0.8782320569007691
11 20 0.6699357718120991
11 43 0.6170009291845531
11 44 0.8465597800845015
11 48 0.6978746546944603
11 50 0.8922989688331643
11 72 0.6163189487241799
11 73 0.8878003655961366
11 78 0.9678248002435986
11 79 0.6351741656254111
11 82 0.7925329484462131
11 103 0.6366767647897067
11 104 0.6457307332921727
11 109 0.8328241028467609
11 110 0.657818512019142
11 111 0.6246797322612985
11 132 0.6793862351953935
11 133 0.9027883714437679
11 134 0.6245813052081901
11 140 0.7344260214823278
12 14 0.6456994471960962
12 42 0.8894639082453855
12 43 0.6241614989290684
12 45 0.6582449174913355
12 72 0.8744525441458488
12 74 0.7780213711291297
12 93 0.7586183729253471
12 102 0.772311523830568
12 103 0.692367250322248
12 104 0.619494219931118
12 108 0.6082549723591568
12 128 0.6927616744099229
13 14 0.8911989927099103
13 17 0.6465098323615519
13 18 0.6325373415105997
13 19 0.6443775473332305
13 43 0.942906161344586
13 44 0.8986840142298891
13 45 0.675637518524175
13 48 0.7002057362178137
13 72 0.7472504056703737
13 73 0.8834735595937079
13 74 0.713148389569737
13 77 0.923686842810101
13 78 0.6201146908480131
13 79 0.6993986361134685
13 102 0.8121089898915894
13 103 0.873575846810488
13 104 0.9674246268782085
13 105 0.6827204685189494
13 108 0.781018721173169
13 109 0.8327626657572827
13 110 0.7387859402127855
13 133 0.7272103569535302
13 134 0.9347468085597784
14 19 0.694902510264917
14 43 0.9070306101384102
14 44 0.8267568297009261
14 45 0.6805560967589679
14 48 0.6624717270476128
14 72 0.794017570045614
14 73 0.7674367581320063
14 74 0.8560218106803303
14 77 0.8421316529783943
14 79 0.7700157416594884
14 102 0.9485160115533524
14 103 0.9307898627684734
14 104 0.9526065302669948
14 105 0.61080154003211
14 108 0.9032406716197668
14 109 0.8102525615060157
14 110 0.7965593486178337
14 133 0.6000904760792876
14 134 0.7938350111760137
15 75 0.6694142651651276
16 21 0.8743119649662529
16 22 0.7644094423011263
16 25 0.8000505698218909
16 26 0.7540717581970031
16 34 0.6162714027814837
16 37 0.8174222959654338
16 39 0.7225582057298312
16 47 0.6944835092047953
16 51 0.9048502831468879
16 52 0.8486645913916644
16 56 0.8958162501052357
16 76 0.9553174063568989
16 80 0.7754691325995777
16 81 0.8589492197457804
16 85 0.8497936793250214
16 92 0.6371728106957183
16 97 0.9278872508175513
16 99 0.877844316712936
16 107 0.7518127349146776
16 111 0.7051705717245337
16 112 0.8389221918426519
16 113 0.8499083762078571
16 117 0.855321229787749
16 118 0.9018238380621983
16 119 0.7415675851374404
16 129 0.6087732729866833
16 136 0.9180893719972328
16 138 0.7880242370098745
16 141 0.7534886038885906
16 142 0.8750908697309231
16 143 0.8919164257865111
16 149 0.7400123895217173
16 151 0.6322318632714261
16 152 0.6604425292573399
17 73 0.6662168919056011
17 77 0.679562815683132
17 105 0.7098166558064255
17 132 0.7277900190547771
17 133 0.759987561542928
17 134 0.8133600695399457
18 43 0.6328656824576064
18 44 0.8084702650071525
18 48 0.8774450096375386
18 50 0.7044598819329828
18 73 0.7807134398456166
18 78 0.9569658726777568
18 79 0.672278585276388
18 82 0.6948880702777975
18 103 0.6410030887506754
18 104 0.6378763361280317
18 109 0.8630816036306692
18 110 0.7447002342829576
18 133 0.7202366700333145
18 139 0.636491340183746
18 140 0.7439579595086347
19 43 0.6458588899105979
19 48 0.6044348992262921
19 49 0.7454775642602514
19 74 0.7899972710780381
19 77 0.6808529905200372
19 79 0.7043553303589537
19 102 0.6759550540963422
19 103 0.6159328230397652
19 104 0.6425807336371938
19 108 0.8388777882825773
19 110 0.7299854025001467
19 134 0.611358088394867
20 21 0.6187693893427519
20 22 0.79529727752278
20 47 0.8272413425222618
20 50 0.8843618877471393
20 51 0.6397779315528267
20 52 0.648628296391564
20 78 0.6098512968845387
20 80 0.8808932677973198
20 82 0.9000819813888781
20 107 0.6420235401484967
20 111 0.9254949595749462
20 112 0.773246200561488
20 113 0.7017765558485276
20 132 0.8625654860463257
20 133 0.6129810623451266
20 138 0.6860705180405962
20 139 0.6282516876507339
20 140 0.7990324317597566
21 22 0.8208908791676073
21 25 0.8979407948035145
21 26 0.6718252337879858
21 34 0.6388579676469661
21 37 0.7684841764310227
21 39 0.6724730339694702
21 47 0.7235463677073187
21 51 0.9739765361977335
21 52 0.959651680196997
21 56 0.9157663915799996
21 76 0.9211452984491904
21 80 0.8360113755824983
21 81 0.9781035214956859
21 85 0.9474435615655321
21 92 0.6380307918764144
21 97 0.9299120448130072
21 99 0.9126587069462491
21 107 0.7216154766888985
21 111 0.763066670793001
21 112 0.8955280879204208
21 113 0.9314420448216507
21 117 0.8808102686956674
21 118 0.9302722591691936
21 119 0.6647392276232962
21 129 0.616739633892496
21 136 0.8196922914337983
21 138 0.8706941383852325
21 141 0.7215063107909292
21 142 0.9406704314145377
21 143 0.9601068709542309
21 149 0.6681832623154573
21 150 0.6001621211958467
21 151 0.6440942003646477
21 152 0.6767319725327547
22 25 0.7822193646096711
22 26 0.6146308064999311
22 37 0.63732163006588
22 47 0.7060330078180477
22 50 0.6205834122454441
22 51 0.8355809928796881
22 52 0.8900357488278661
22 56 0.775757390157539
22 76 0.7824718545933638
22 80 0.879371607684736
22 81 0.7925458295347555
22 82 0.8120114216593447
22 85 0.7835925184125028
22 97 0.7715210850632755
22 99 0.7621703757993723
22 107 0.614826773839531
22 111 0.9519437217916504
22 112 0.9369707933782627
22 113 0.9400068279992466
22 117 0.7583555750811826
22 118 0.7912883392666332
22 119 0.6103843061545049
22 136 0.7010813600457949
22 138 0.9495046615966518
22 139 0.6922567111318083
22 140 0.8074810885162154
22 141 0.6072157350499132
22 142 0.7635326375931004
22 143 0.7663237437909243
22 149 0.6080330731174496
22 152 0.6070718457262316
23 24 0.8604861087231376
23 29 0.8595400213686876
23 33 0.8170770614700265
23 54 0.6509972284755243
23 59 0.8104968761833562
23 63 0.8699971247367506
23 84 0.8557069878166099
23 89 0.8465131483004678
23 114 0.8432579670113958
23 116 0.910613016335967
23 120 0.8560831585904142
23 121 0.6395050648552096
23 122 0.76942167912969
23 126 0.6963967141656466
23 127 0.8516196736537983
23 158 0.8353344137806873
24 29 0.9495418552489623
24 33 0.8577584353590859
24 54 0.7439616345328687
24 59 0.8843216273136478
24 63 0.9048186063889201
24 84 0.9209979670945557
24 89 0.9070925271804162
24 114 0.8844725552291938
24 116 0.9713248267752906
24 120 0.9704961844663224
24 121 0.7533201530725688
24 122 0.847417881045776
24 126 0.7212203343209256
24 127 0.9267177484858586
24 158 0.7941927006535144
25 26 0.6480123706714538
25 37 0.7409321660528586
25 39 0.6368606024025223
25 47 0.7099893681913318
25 51 0.8592009551996881
25 52 0.9321761651946951
25 55 0.6506546906324512
25 56 0.8711358819487175
25 76 0.8333650074248091
25 80 0.7695154839520776
25 81 0.9150038783806096
25 85 0.9566315806214898
25 97 0.8328267287306679
25 99 0.8520982752068408
25 107 0.7210339240697636
25 111 0.7117289874655052
25 112 0.8040813653647081
25 113 0.8567059809721408
25 117 0.939437479912644
25 118 0.912481420634863
25 119 0.652913840169913
25 136 0.7593711486810449
25 138 0.8887579037574265
25 141 0.6924976887912017
25 142 0.8632835902350504
25 143 0.8610967312125438
25 149 0.6339584081399842
25 152 0.6129342564546619
26 37 0.7411581953900581
26 39 0.914814728448428
26 51 0.6593877570888611
26 52 0.7095323498953718
26 56 0.8347994058582326
26 76 0.676965469882167
26 81 0.6995623772095179
26 85 0.7089170070515223
26 97 0.6657998080687254
26 99 0.813092017462299
26 112 0.6733816095150552
26 113 0.7021747194619674
26 117 0.719836231617885
26 118 0.7919987125942352
26 119 0.9623915930464759
26 136 0.7551100102643349
26 138 0.6512709436435197
26 141 0.8230578516542943
26 142 0.7523488230864834
26 143 0.6864010118114738
26 149 0.9746174048463342
27 117 0.6963893168931123
27 118 0.6001728738001314
27 119 0.6692222150659517
28 58 0.8000748906404329
28 64 0.6969659138005144
28 88 0.8195194898462788
28 129 0.6054159712122358
28 151 0.6631793931079205
29 33 0.9262022580681624
29 54 0.7261081047680447
29 59 0.9249469152103493
29 63 0.9629506137346058
29 84 0.9336420857855339
29 89 0.9457676527119889
29 114 0.8901467714062323
29 116 0.9366194221858878
29 120 0.9896983567303361
29 121 0.7515722821116584
29 122 0.8655224425332115
29 126 0.7825669755954243
29 127 0.9887480948542203
29 158 0.8791347712512813
30 90 0.6994785000587812
30 124 0.6065040754148974
31 41 0.6146223141435027
31 61 0.801030761139144
31 90 0.6410025836878304
31 91 0.8521240131657808
31 101 0.6497492931096258
31 124 0.8857651413195194
31 154 0.868877703684974
31 155 0.6537728276443102
32 34 0.6534983756017344
32 60 0.6518713285877089
32 64 0.6207295743016796
32 92 0.7738043099320995
32 123 0.7207215368621135
32 129 0.6511281237421886
32 150 0.8020988404088119
32 151 0.6332313230297744
32 152 0.7116861059945327
33 54 0.6999108761931699
33 59 0.9208871993662464
33 63 0.9068016344717621
33 84 0.8807999133270386
33 89 0.8645533315622761
33 114 0.8482698524536576
33 115 0.6031384427550796
33 116 0.8691908172143086
33 120 0.8898779148400349
33 121 0.6858545884781057
33 122 0.7728677277125864
33 126 0.8692078674146286
33 127 0.9612424698570317
33 128 0.6854695477830054
33 157 0.678820963709072
33 158 0.8687888157791026
34 51 0.6374814266147439
34 52 0.617729068829014
34 56 0.622640035551392
34 60 0.6246571453132912
34 64 0.813844667923588
34 76 0.6300645194754363
34 81 0.6344429935197531
34 85 0.6317278860291956
34 88 0.6317670361841955
34 92 0.8310523944461413
34 97 0.6214930446718039
34 99 0.6082487178862139
34 113 0.6000603338653998
34 117 0.6103124932613988
34 118 0.6410664266658346
34 129 0.9089995311638548
34 142 0.6130865517200644
34 143 0.6191629001633864
34 150 0.9098618823271492
34 151 0.8816865317339286
34 152 0.8883252656369465
35 65 0.7078740202895272
35 95 0.7922714141100285
36 64 0.7051130570435467
36 96 0.7572457208232992
36 129 0.6688144974945704
37 39 0.818566648612348
37 51 0.7866280565584003
37 52 0.7587336237700204
37 56 0.8139648336956544
37 76 0.8080924546392274
37 80 0.6639782652428812
37 81 0.7566844127385833
37 85 0.7701084531712785
37 97 0.8489063460255154
37 99 0.8263020646542243
37 107 0.6166254234928833
37 112 0.7364201945547475
37 113 0.7517764742084044
37 117 0.7728268345811689
37 118 0.7996915591234064
37 119 0.68855669677116
37 136 0.9281340571624828
37 138 0.6839128412361184
37 141 0.9252191093794189
37 142 0.8339201288619114
37 143 0.852203276844824
37 149 0.7703985303858638
38 40 0.8217891058240215
38 68 0.7453206951038631
38 70 0.8429487847126852
38 71 0.8675113694974378
38 98 0.9433905418185042
38 100 0.7762616828903344
38 135 0.6835473685351875
38 137 0.7170206979726892
38 153 0.7166359209022483
39 51 0.6502863533546874
39 52 0.7033760848375659
39 56 0.8269269202440697
39 76 0.674573560301854
39 81 0.7065389767510412
39 85 0.6988098524158253
39 97 0.6598299406196998
39 99 0.8486568405596597
39 112 0.6595699697461763
39 113 0.6932596642314486
39 117 0.66505468177055
39 118 0.7634295284851452
39 119 0.8213443735562675
39 136 0.7389664030396996
39 138 0.6453927629351479
39 141 0.9562335773865401
39 142 0.8046838244118617
39 143 0.7169495901500786
39 149 0.9750154703850464
40 57 0.6824855243362653
40 70 0.9830640195575822
40 71 0.9000942889865171
40 86 0.7560450398414157
40 98 0.8748774734751481
40 100 0.9836660553477351
40 135 0.6135941071517534
40 147 0.7273981685617169
40 148 0.808805837568092
40 153 0.8399035009512639
40 155 0.633548521911752
41 61 0.6448370578528966
41 101 0.7596530983622587
41 154 0.8575041127584853
41 155 0.6879542175329993
41 159 0.8403623450194069
41 161 0.6889633484352764
42 49 0.7925172099968445
42 72 0.6116608645871715
42 74 0.7198240516491474
42 93 0.6799596464954151
42 126 0.6966753977027906
42 128 0.8074274338133214
43 44 0.8329193039862997
43 45 0.7783874115341127
43 48 0.6566935772720367
43 53 0.6156012396841344
43 72 0.8331069468855514
43 73 0.785064902532878
43 74 0.7225394350770196
43 77 0.9351874804925181
43 78 0.6182627019920146
43 79 0.7752121288860923
43 102 0.8741381262652771
43 103 0.9638305801981069
43 104 0.9642589394778037
43 105 0.6731563587200781
43 108 0.7719980640970631
43 109 0.7895747561247675
43 110 0.7483603991200791
43 133 0.6199669817127916
43 134 0.8372107512801499
44 45 0.6480273955820355
44 48 0.7571366587185573
44 50 0.6007406129547104
44 72 0.7336109913267418
44 73 0.9684007187563065
44 74 0.6610284160244744
44 77 0.771784254512805
44 78 0.8312511593484256
44 79 0.7139236646516895
44 102 0.781897965198596
44 103 0.8222656569906315
44 104 0.895204971621869
44 108 0.6784856127459393
44 109 0.9705614014213924
44 110 0.7833528372499903
44 133 0.8088768668770083
44 134 0.8140898905133913
45 53 0.6069721110673659
45 72 0.8441046131791072
45 73 0.6054473121682749
45 77 0.7369190059408586
45 79 0.6824206519088324
45 93 0.6427736606703305
45 102 0.7324638404918424
45 103 0.8037579387376641
45 104 0.718418419569587
45 105 0.6618291416349243
45 109 0.6239604246417348
45 110 0.6047942851127304
46 137 0.6224650132871883
47 50 0.6057897204211196
47 51 0.7558454641375832
47 52 0.7165157631871328
47 56 0.6468591894012383
47 76 0.7369640174891121
47 80 0.8916530238709205
47 81 0.6908406698505748
47 82 0.6350305335009216
47 85 0.6964184044363715
47 97 0.6947533978910123
47 99 0.6303707890462815
47 107 0.8940350438979033
47 111 0.7747769778989764
47 112 0.7773489453300446
47 113 0.7305244744254873
47 117 0.7128034681514157
47 118 0.6825637519791228
47 132 0.764314622297332
47 136 0.6313118128801224
47 138 0.6953120463494572
47 142 0.6467587566150117
47 143 0.679760378219722
48 73 0.7418354907651479
48 77 0.6689914889633568
48 78 0.7591466886809526
48 79 0.7038725604079878
48 102 0.622202092746047
48 103 0.6225490103297024
48 104 0.6678168094593449
48 108 0.6688468126944817
48 109 0.8176555497741361
48 110 0.8297808821216469
48 133 0.6681831064991894
48 134 0.6772968561882498
49 59 0.6393449397802884
49 74 0.72495772687556
49 84 0.6549821043644704
49 108 0.6280273547814068
49 114 0.6854992637027784
49 126 0.651202576390666
49 128 0.622001194959291
50 73 0.6930520932058333
50 78 0.82215513765506
50 80 0.6506655528888958
50 82 0.9235367145341429
50 111 0.7726676864735976
50 132 0.8563919480683675
50 133 0.8581552204354725
50 139 0.6357415595087044
50 140 0.8353022822691387
51 52 0.9293043001867107
51 56 0.8767258224322718
51 76 0.9588023401377966
51 80 0.8672661159995225
51 81 0.9201015785082322
51 85 0.8944824442830149
51 92 0.643363958809751
51 97 0.9592169770302563
51 99 0.8668405054310873
51 107 0.7421677359113732
51 111 0.7840681294028482
51 112 0.9211213662866377
51 113 0.9324386905648956
51 117 0.8679400926995442
51 118 0.8970749703302172
51 119 0.6589778572760449
51 129 0.6118569605533097
51 136 0.8552379573644134
51 138 0.8630346428613911
51 141 0.7077334328516264
51 142 0.8938656682494003
51 143 0.9445721898713288
51 149 0.6485422706339041
51 150 0.6012480198779863
51 151 0.6400108006173566
51 152 0.6786373067773503
52 56 0.9162831841152307
52 76 0.8717537125539241
52 80 0.8479282952927467
52 81 0.9565841629836971
52 82 0.6070268593672046
52 85 0.9551295449067585
52 92 0.6232562707204158
52 97 0.8708256999875261
52 99 0.9081406381953592
52 107 0.6895552269321172
52 111 0.810426142046746
52 112 0.9193461935708336
52 113 0.9722400692557305
52 117 0.8918259485212167
52 118 0.9314709908839875
52 119 0.7034900192122309
52 129 0.6053025923102389
52 136 0.7927166351288669
52 138 0.9484761355223187
52 141 0.735380126133965
52 142 0.9138584366010323
52 143 0.9001745991283179
52 149 0.7047608211671306
52 151 0.6288988121614757
52 152 0.6577459939910218
53 72 0.6715648582382743
53 79 0.7693355896257845
53 102 0.6290775477789916
53 103 0.6507368304554364
53 110 0.6753044114612627
54 59 0.6825766294309824
54 63 0.7380666917067669
54 83 0.6476323966451074
54 84 0.6946952924382963
54 89 0.7709714405678901
54 114 0.6713025689718846
54 116 0.7576355228878198
54 120 0.7182408774215981
54 121 0.9170336137784874
54 122 0.8318902257407279
54 127 0.7299355427487897
54 158 0.6608574526613802
55 87 0.6079825025182444
55 138 0.656467530129661
55 139 0.7890040817046403
56 76 0.8803987081664413
56 80 0.7662268773044916
56 81 0.9516835909423642
56 85 0.9488587863240836
56 92 0.6339872722623946
56 97 0.8796212452866028
56 99 0.9909492898218456
56 107 0.680233258663656
56 111 0.7096464029559851
56 112 0.8451801506636283
56 113 0.8832307219197635
56 117 0.9064997473830335
56 118 0.986536374433754
56 119 0.8092025522957588
56 129 0.6186282884652787
56 136 0.8425163069529966
56 138 0.8185683540642263
56 141 0.83142937549972
56 142 0.9712298106920734
56 143 0.9219770927184856
56 149 0.8367981324362717
56 151 0.6424857861372145
56 152 0.6617060538388231
57 70 0.6279742051343631
57 86 0.8888625487579941
57 100 0.7234201899241952
57 147 0.6784298595767364
57 148 0.8047339623332532
58 96 0.7240625134958908
59 63 0.8761444940022975
59 84 0.9643945490344508
59 89 0.8478643901820284
59 114 0.8944223801860924
59 116 0.8749582607547357
59 120 0.9093881634509529
59 121 0.6921026213190313
59 122 0.7731483937271602
59 126 0.9293880848884333
59 127 0.9363329923165162
59 128 0.6822720657093255
59 158 0.8044690695939489
60 88 0.6450002648300337
60 92 0.8877298948959645
60 129 0.6287687643441178
60 150 0.6452965328701248
60 151 0.6020153773213293
60 152 0.7816502830377314
61 90 0.763042955443016
61 91 0.7056383802182298
61 124 0.789695676450971
61 153 0.7230474020391136
61 154 0.7429185527947925
61 155 0.9200949526393221
63 84 0.9019704647913191
63 89 0.9755475077860455
63 114 0.8734783852697992
63 116 0.9205777062885734
63 120 0.9424368988156785
63 121 0.7702361656731074
63 122 0.8978678248646192
63 126 0.7328524677044261
63 127 0.9619342117557622
63 158 0.9424853283659457
64 88 0.708628447156454
64 92 0.7919660055703756
64 129 0.9519898429676259
64 150 0.6819856631675811
64 151 0.9572287744299277
64 152 0.817548770258971
67 69 0.9239470577721343
67 70 0.600305497077313
67 135 0.865883424211213
67 137 0.604239530958229
67 147 0.8333038386094402
67 148 0.7071697995300215
68 98 0.6228670068054105
68 160 0.6072184726241112
69 70 0.6109330143118981
69 86 0.7102227281949576
69 135 0.6929117039739446
69 147 0.9467774610639302
69 148 0.8224350907327429
70 71 0.9072388840702776
70 86 0.7206529879854295
70 98 0.9178617404143747
70 100 0.9430023827838345
70 135 0.6553649677002263
70 147 0.7600575388702542
70 148 0.8021492950619807
70 153 0.7983094181829979
71 98 0.9129877376224655
71 100 0.8843428644030642
71 153 0.902100593721715
71 155 0.655002225329865
72 73 0.6856555339123964
72 74 0.7376517135916424
72 77 0.7258453214209009
72 78 0.61384991795139
72 79 0.7636977737729572
72 93 0.7190323461401239
72 102 0.883430685931782
72 103 0.8910064337403516
72 104 0.8008942144466
72 108 0.6694847281428108
72 109 0.7184185177100064
72 110 0.7019035264756748
72 134 0.6405041029786964
73 74 0.6220428470299555
73 77 0.762775500584053
73 78 0.8301396599183044
73 79 0.6656577231107108
73 102 0.7233461579789747
73 103 0.7567768462861992
73 104 0.841243413969507
73 108 0.6467883875697882
73 109 0.9120543968922115
73 110 0.7309607681312835
73 133 0.9112341293947734
73 134 0.8614127573986259
74 77 0.6852537422739011
74 79 0.6821884595356942
74 102 0.9090753748741858
74 103 0.7698700987870766
74 104 0.7541454970525338
74 108 0.9048946751524038
74 109 0.6623131506235251
74 110 0.7129054855716216
74 134 0.6670391243878507
75 106 0.6644425974505552
76 80 0.802206966823706
76 81 0.8869267004497725
76 85 0.8712607475464177
76 92 0.6495417474372482
76 97 0.9689697370506898
76 99 0.8698977290271721
76 107 0.778212833338441
76 111 0.7248954641521133
76 112 0.8556880743111701
76 113 0.8664461492180462
76 117 0.8631397010200789
76 118 0.8971474948027862
76 119 0.6634690853762292
76 129 0.6138541610085843
76 136 0.8833956529359217
76 138 0.8115617434485763
76 141 0.7337776834509399
76 142 0.8914540035791568
76 143 0.9361610625784158
76 149 0.670916667592627
76 151 0.6442887762392322
76 152 0.678321859723514
77 79 0.7201126443953919
77 102 0.7847379734722393
77 103 0.852331347577914
77 104 0.8899379968534202
77 105 0.8408878533612429
77 108 0.7826211880599356
77 109 0.716118594509459
77 110 0.7137594926691815
77 133 0.6260979672774103
77 134 0.9108030616212015
78 79 0.6536425561697561
78 82 0.7881957631317018
78 103 0.6432204119422725
78 104 0.63056772707565
78 109 0.8537091538937149
78 110 0.686304363966621
78 111 0.628322668174646
78 133 0.8013955773019596
78 139 0.6056070717469173
78 140 0.7764938459337714
79 102 0.8001493491001338
79 103 0.8079236420325726
79 104 0.7471108464544675
79 108 0.7414598775875437
79 109 0.7702060647711724
79 110 0.9277238625591774
79 134 0.6115307491693416
80 81 0.7979521330598468
80 82 0.7409649778253461
80 85 0.7905364314343171
80 97 0.7930620235231681
80 99 0.7490322541211196
80 107 0.7593411591971035
80 111 0.9293846659835421
80 112 0.954606626998802
80 113 0.8982101187225937
80 117 0.7844660231346035
80 118 0.7914305939832322
80 119 0.6048656483492503
80 132 0.6432992472834425
80 136 0.7291651972825482
80 138 0.8223315507127127
80 140 0.6519605275492173
80 141 0.6069179756825127
80 142 0.7562448476751696
80 143 0.7786361638300172
81 85 0.9797772813842245
81 92 0.635493109882014
81 97 0.8901842264617116
81 99 0.95113039014452
81 107 0.7088327382666672
81 111 0.7342742428508506
81 112 0.8585567911541754
81 113 0.905687496127094
81 117 0.8986506269091212
81 118 0.9610562193862947
81 119 0.6890759957163646
81 129 0.6221678197091441
81 136 0.7911789243127847
81 138 0.8521593033551023
81 141 0.7441596810314342
81 142 0.9682577711918368
81 143 0.9469066713513536
81 149 0.7015197900837613
81 151 0.6461456611424656
81 152 0.6701076196541779
82 111 0.8989506413853792
82 112 0.7060293719820678
82 113 0.6620479173005468
82 132 0.7313673806324774
82 133 0.6530521317891111
82 138 0.6871071061796721
82 139 0.7598448418688366
82 140 0.9594872572493356
84 89 0.8763930029434082
84 114 0.95679094649333
84 116 0.9229280465500528
84 120 0.9330609015234432
84 121 0.6971337712673427
84 122 0.7990067688232128
84 126 0.8260888426030358
84 127 0.9231603453977497
84 158 0.8377461768266103
85 92 0.6271085981104292
85 97 0.8743011825597631
85 99 0.9345902901766956
85 107 0.7130253267513117
85 111 0.7274447627632794
85 112 0.8428538082948954
85 113 0.8902436794452273
85 117 0.937899892199905
85 118 0.9745003056392083
85 119 0.7100629060384922
85 129 0.6176638384007115
85 136 0.7956786999861306
85 138 0.8552037065902278
85 141 0.7420119887320391
85 142 0.9403917925313576
85 143 0.9183149444807231
85 149 0.7001583593911864
85 151 0.6387979134426804
85 152 0.6592522737068424
86 100 0.7719024848173393
86 147 0.8571996919883764
86 148 0.96248084286231
88 92 0.7358047926291419
88 129 0.6886848282143099
88 151 0.7478998549272213
88 152 0.7472974064679265
89 114 0.8488630104774235
89 116 0.9008083813467083
89 120 0.9375858766118069
89 121 0.8385148657488324
89 122 0.9567675670202259
89 126 0.700026189259575
89 127 0.9344315217144346
89 158 0.8733341944568601
90 91 0.6758506870957552
90 124 0.7367028467749841
90 155 0.6265150102330999
91 101 0.8418524654006115
91 124 0.8332250508682248
91 154 0.8037636342095587
92 97 0.6431750339289787
92 99 0.6212874701577042
92 112 0.6126382346057013
92 113 0.622321546727721
92 117 0.6127649649491909
92 118 0.6499366026172704
92 129 0.8436189261022097
92 142 0.62721292932945
92 143 0.6341192976947029
92 150 0.8206424416609063
92 151 0.8431664763900242
92 152 0.9582345327494429
93 128 0.8521349681001534
93 157 0.6501504822723541
94 130 0.7999542259446646
94 150 0.6444741427918677
97 99 0.8718961242074414
97 107 0.7162004437637708
97 111 0.7112557782603856
97 112 0.8584426001199345
97 113 0.8684928289379629
97 117 0.8703957041154315
97 118 0.8956636995353647
97 119 0.6543409457432569
97 129 0.6057729197519071
97 136 0.9180738359988279
97 138 0.7983968842993734
97 141 0.736796854829241
97 142 0.9036206759704001
97 143 0.9720679521288268
97 149 0.656236626066307
97 151 0.6406625002043722
97 152 0.6735814232749169
98 100 0.8177793703706804
98 135 0.7272579747213708
98 137 0.6451721156053556
98 153 0.7531510831594977
99 107 0.6728203647650164
99 111 0.6876990674420411
99 112 0.8325275467398563
99 113 0.8749841716098421
99 117 0.8754776743382738
99 118 0.9657956577083421
99 119 0.7692620200723624
99 129 0.6067894630636286
99 136 0.8289457088376888
99 138 0.8096410517647861
99 141 0.86255187676858
99 142 0.9877508444930585
99 143 0.9302079208422813
99 149 0.8372623295998953
99 151 0.6294177751995182
99 152 0.6475029023225274
100 147 0.6943162733899337
100 148 0.7972180853706073
100 153 0.879961612402007
100 155 0.7132082759941543
101 154 0.8225144756373239
101 161 0.7819433625960193
102 103 0.9445357906620073
102 104 0.8886086143607704
102 108 0.8578449808964916
102 109 0.7773131138168702
102 110 0.784540988416185
102 134 0.715569928938963
103 104 0.9448775954110642
103 108 0.7682179804095407
103 109 0.8005863099226698
103 110 0.764692166063274
103 134 0.7461995177311073
104 105 0.6283277798404232
104 108 0.798668362736521
104 109 0.8479960200502497
104 110 0.7622522028071643
104 133 0.6648876959177883
104 134 0.8515441792435615
105 108 0.635570270860913
105 134 0.7559986061518101
107 111 0.6391682789006873
107 112 0.693358819309464
107 113 0.6720636921717247
107 117 0.7095739602625993
107 118 0.705952428931564
107 136 0.6490562382303897
107 138 0.6461458028020024
107 142 0.6920547933607946
107 143 0.7102125175394487
108 109 0.6885999371441682
108 110 0.7997966997982201
108 134 0.7505305754024743
109 110 0.866560686905796
109 133 0.7502707978423838
109 134 0.7349215547372676
110 133 0.6047340215798788
110 134 0.6636103816536614
111 112 0.9183653709027528
111 113 0.8745235251923283
111 117 0.7124247504611729
111 118 0.7357556995966612
111 132 0.6641099417301806
111 136 0.6407866745670279
111 138 0.848335737120963
111 139 0.6585931888815457
111 140 0.8339327299162279
111 142 0.6896718193650135
111 143 0.6998310261188747
112 113 0.97646382664385
112 117 0.8197556269295851
112 118 0.858543466374216
112 119 0.674594046917151
112 136 0.7958153961586691
112 138 0.8919039340015992
112 140 0.6466919360678176
112 141 0.6891003955051658
112 142 0.8358655103474266
112 143 0.8489446539437973
112 149 0.664714776058895
112 151 0.6224947875087359
112 152 0.6476885221109892
113 117 0.8446259286145774
113 118 0.8926666205712832
113 119 0.6976649582350805
113 136 0.7996109931648572
113 138 0.9424150701061125
113 140 0.6306190471475621
113 141 0.7197083218832883
113 142 0.8783471879604714
113 143 0.8766838467299699
113 149 0.6973630945873692
113 151 0.6299768582835839
113 152 0.6578075878923246
114 115 0.6629413907501892
114 116 0.8986761001396006
114 120 0.887445954543469
114 121 0.6715735713515274
114 122 0.7745751868249947
114 126 0.7564996310514849
114 127 0.8843364092548582
114 158 0.8218469913270304
115 128 0.6137069782183359
116 120 0.9394969760297169
116 121 0.7378522231225819
116 122 0.8313685926090619
116 126 0.7142119746281512
116 127 0.924073115603112
116 158 0.8533696954771239
117 118 0.9473648370134145
117 119 0.7633078476702526
117 136 0.8264076831492457
117 138 0.8187598051369578
117 141 0.7033586023062396
117 142 0.8711197485037145
117 143 0.8734134707030514
117 149 0.6830509676472487
117 151 0.6171231610390178
117 152 0.6442370282268974
118 119 0.7938172495500663
118 129 0.6335473507129796
118 136 0.8446590862362338
118 138 0.8358837375139617
118 141 0.7830633030303965
118 142 0.9537614560308453
118 143 0.9236318027905006
118 149 0.7777480064444726
118 151 0.6598699827510333
118 152 0.6806522304152506
119 136 0.732098213920186
119 138 0.6399598155906108
119 141 0.7336891109166369
119 142 0.7087446425525332
119 143 0.6571915007120994
119 149 0.8964985156517447
120 121 0.75186189409603
120 122 0.8677450300639225
120 126 0.7515402662225545
120 127 0.963721897510468
120 158 0.8426149936491185
121 122 0.9381994185995665
121 127 0.7440852604668151
121 158 0.6443347077913345
122 126 0.6369735097755089
122 127 0.8492115190953425
122 158 0.7762747836261754
124 154 0.6529163241452862
126 127 0.8260452696932983
126 128 0.8700844692441592
126 157 0.6449452677225013
126 158 0.6831285458756471
127 158 0.886179555599918
128 157 0.6743544024358836
129 142 0.6110777380636965
129 143 0.6094501250171807
129 150 0.772868022916358
129 151 0.9502175063551901
129 152 0.8581433536569895
130 165 0.6225046974304755
132 133 0.7882612976043674
132 140 0.637999931275339
133 134 0.793327507255465
135 137 0.811686937557845
135 147 0.6719725759349995
135 148 0.6148026594914158
136 138 0.7248400262393566
136 141 0.8043030699975666
136 142 0.8324745462675607
136 143 0.8801875355270061
136 149 0.744969193495977
138 139 0.687398493897466
138 140 0.7195357729752925
138 141 0.6654088293767378
138 142 0.8138601439170193
138 143 0.8085314963883105
138 149 0.6492873388214653
138 152 0.6033861517228357
139 140 0.8794340026463578
141 142 0.8464897175326399
141 143 0.7893182630862634
141 149 0.8912486019019524
142 143 0.9661047531738278
142 149 0.7799243765869319
142 151 0.6387110421397195
142 152 0.6570645506680965
143 149 0.69757939390105
143 151 0.6441647364128311
143 152 0.6682523293788458
147 148 0.9505797752485934
150 151 0.7469357619227363
150 152 0.8471057736827066
151 152 0.907193380662028
153 155 0.8975173955424172
153 159 0.6519528467069853
154 155 0.6564378812598106
155 159 0.603315353406251
159 160 0.689552105057315
159 161 0.6667623878581328
160 161 0.7157986311120494
