10 91 276 281 1662 2203 
12 53 1012 
35 1470 1988 629 2044 
42 58 220 1459 1635 1636 2011 2014 2051 2608 2969 3170 
65 385 774 971 1125 1137 1549 1961 2179 2895 2511 2866 
92 93 140 
122 222 567 1917 2602 
125 1298 1700 2550 
156 283 860 2358 2710 
163 322 368 497 645 666 1013 2004 2779 2994 
214 910 3203 
234 260 262 367 383 384 818 1097 1122 1155 1195 1226 1238 2366 2689 3007 936 1094 1452 1795 
259 1345 3114 
268 269 540 966 
279 1830 2778 1375 
285 2250 2992 
318 1366 1457 1683 1934 
339 734 2870 2871 3196 
351 2859 2860 
378 788 1327 2063 
405 2264 2538 2607 3059 
424 1144 1525 1861 1832 
425 1643 1644 
441 582 2747 
463 464 1970 
475 484 1192 1250 1400 1409 1610 1661 1797 
490 1329 1371 1407 1517 1751 2720 
527 605 773 1631 1717 1839 2460 2685 2694 
533 2343 2437 2984 
578 579 1437 
620 803 3111 
671 1741 1972 
709 1343 1442 
745 1999 2331 3167 
752 1415 1788 
759 955 1189 2531 
777 1394 1634 2015 3022 
801 1338 1425 2254 
845 1199 2942 
879 1103 2390 
883 1228 1498 1422 3142 
948 995 996 1374 1603 1604 1605 3025 3169 
1056 2423 2753 
1171 1231 2378 2057 1026 
1204 1285 1686 2695 2776 
1209 1947 2508 
1252 2158 2159 2278 2489 2692 3079 1524 2145 3102 742 
1274 1334 1600 2043 2299 
1302 1959 3104 
1317 1668 2486 217 
1319 1328 1585 1586 
1324 1455 1728 2148 1515 
1383 2528 3125 3238 
1477 1478 1909 
1627 1820 2882 
1667 1965 2396 
1708 1874 1927 2066 3134 
1711 2117 3172 
1800 459 3199 
1834 1948 1993 
2084 2020 2021 2551 
2127 2206 2207 2505 3135 3268 
2397 2540 3119 3136 
2494 1573 3053 
2932 2944 3023 
