7 38 107 3 466 
10 91 259 276 281 1345 1662 2203 3114 
12 53 86 1012 
35 629 1470 1988 2044 2114 
36 51 2284 
42 58 208 220 1307 1459 1635 1636 2011 2014 2051 2608 2969 3170 
48 969 2386 
54 74 804 1438 2770 3101 2502 
65 183 257 385 702 774 900 971 1125 1137 1346 1358 1499 1549 1891 1956 1961 2179 2496 2511 2556 2866 2895 1378 945 2134 1022 
67 128 386 624 689 1045 1138 1456 2294 2457 3199 459 1800 1855 2248 2789 842 1490 1081 
76 776 911 
87 1570 2498 1941 
92 93 352 140 
108 1271 1396 2646 168 
122 222 521 567 1917 2602 
125 465 929 1298 1700 2550 
156 283 860 2358 2710 2900 2470 526 2962 2180 947 
163 322 368 497 645 666 1013 1166 2004 2779 2994 
207 1856 2553 
210 533 2343 2437 2984 504 1999 745 
214 910 3203 
217 1317 1668 2486 
229 279 1264 1365 1830 2778 1375 
234 251 260 262 280 367 383 384 726 818 832 852 936 1047 1094 1097 1122 1155 1195 1226 1229 1238 1452 1576 1746 1795 2050 2237 2276 2366 2411 2426 2435 2639 2689 2742 2806 2816 3007 3106 3282 2935 919 
239 416 981 2135 
242 1790 1859 
265 1405 1555 1492 
267 2095 2096 
268 269 540 966 
285 2250 2697 2992 3176 
302 424 909 1144 1525 1861 2031 1832 
318 1366 1457 1683 1934 
320 566 1193 2543 
339 734 2438 2870 2871 3196 1963 
342 671 1428 1741 1972 2016 1542 1467 
348 574 810 926 3052 
351 913 2859 2860 
354 475 484 1192 1250 1400 1409 1610 1661 1797 1834 
378 788 914 1327 2063 
391 2540 3136 2397 3119 3213 
399 696 2249 
405 2264 2538 2607 3059 
425 1643 1644 
433 1786 2906 3093 
436 1840 1869 
441 582 2747 
463 464 1970 2049 3065 
490 1007 1329 1371 1407 1517 1751 2720 2890 
516 1593 1708 1874 1927 2066 3134 
527 605 685 773 956 1173 1376 1631 1717 1779 1839 2124 2460 2600 2685 2694 1852 1684 1854 
546 2246 2736 558 
553 2713 3256 
562 1051 2157 
578 579 1437 2777 
614 1107 1752 1724 3107 3108 
620 787 803 3111 
626 2020 2021 2084 2551 
651 883 1228 1498 1422 1850 2463 3142 
707 1026 1231 2057 2378 1171 
709 791 1343 1442 
742 1252 1440 1524 2065 2145 2158 2159 2278 2489 2692 3079 3102 2375 
752 1415 1788 1858 
759 955 1189 2089 2531 2666 
777 1342 1394 1634 1671 2015 3022 
801 1332 1338 1425 2254 2917 
845 1199 2942 
879 1102 1103 2390 
939 2260 2566 2565 
948 995 996 1374 1603 1604 1605 1748 3025 3169 
990 455 1210 2331 3167 2323 2146 
993 1648 2718 
1027 2209 2976 
1034 332 2589 
1054 1614 2025 
1056 2423 2753 
1135 1362 1377 1780 
1170 2827 3288 
1204 1285 1297 1686 2695 2776 
1209 1947 2508 
1267 1582 2379 
1274 1334 1600 2043 2299 
1288 2919 3152 
1302 1959 3104 
1319 1328 1585 1586 
1324 1455 1515 1681 1728 2148 
1383 2528 3117 3125 3238 
1435 1447 2223 
1477 1478 1909 
1484 611 2530 
1573 2494 3053 
1596 1257 1612 2661 
1627 1820 2882 
1667 1913 1965 2396 
1670 1847 2187 2547 
1704 1711 2117 3172 
1911 2631 2881 
1915 1948 1993 
1932 1291 1344 1624 
1943 2387 2578 
1967 2749 2808 
2127 2206 2207 2505 3135 3268 
2136 1111 2160 
2324 211 1453 1720 
2701 959 1445 2939 
2932 2944 3023 
3042 1011 1907 
