10 91 259 276 281 1662 2203 
12 53 1012 
35 1470 1988 629 2044 
42 58 220 1307 1459 1635 1636 2011 2014 2051 2608 2969 3170 
48 969 2386 
54 1438 2770 2502 3101 
65 183 385 774 971 1125 1137 1549 1891 1961 2179 2496 2511 2556 2866 2895 257 
87 1570 2498 1941 
92 93 140 
106 476 1177 
122 222 521 567 1917 2602 
125 465 1298 1700 2550 
156 283 860 2358 2710 2900 
163 322 368 497 645 666 1013 1166 2004 2779 2994 
214 910 3203 
217 1317 1668 2486 
229 279 1264 1830 2778 1365 1375 
234 251 260 262 367 383 384 818 832 936 1047 1094 1097 1122 1155 1195 1226 1229 1238 1452 1795 2050 2366 2435 2689 3007 3106 2237 
267 2095 2096 
268 269 540 966 
285 2250 2992 2697 
318 1366 1457 1683 1934 
339 734 2870 2871 3196 
351 2859 2860 
354 475 1192 1409 1661 1797 484 1250 1400 1610 
378 788 1327 2063 
386 459 1045 1456 1800 2457 3199 2294 
405 2264 2538 2607 3059 
424 1144 1525 1861 1832 
425 1643 1644 
433 1786 2906 
441 582 2747 
463 464 1970 
466 7 38 
490 1007 1329 1371 1407 1517 1751 2720 2890 
504 2343 2984 533 2437 
527 605 773 956 1631 1717 1779 1839 2124 2460 2685 2694 
578 579 1437 
620 803 3111 
671 1428 1741 1972 2016 
709 791 1343 1442 
742 1252 1524 2145 2158 2159 2278 2489 2692 3079 3102 1440 2065 
745 1999 2331 3167 
752 1415 1788 
759 955 1189 2531 
777 1394 1634 1671 2015 3022 
801 1338 1425 2254 
845 1199 2942 
862 1569 2671 
879 1103 2390 1102 
883 1228 1422 1498 1850 3142 
948 995 996 1374 1603 1604 1605 3025 3169 
981 239 416 2135 
1026 1231 2057 2378 1171 
1056 2423 2753 
1135 1362 1377 1780 
1204 1285 1686 2695 2776 
1209 1947 2508 
1267 1582 2379 
1274 1334 1600 2043 2299 
1302 1959 3104 
1319 1328 1585 1586 
1324 1455 1728 2148 1515 
1383 2528 3117 3125 3238 
1405 265 1555 
1477 1478 1909 
1484 611 2530 
1593 1708 1874 2066 3134 1927 
1614 1054 2025 
1627 1820 2882 
1667 1965 2396 
1704 1711 2117 3172 
1834 1915 1948 1993 
1840 436 1869 
1859 242 1790 
2020 2084 2551 2021 
2127 2206 2207 2505 3135 3268 
2323 990 1210 
2397 2540 3119 3136 
2494 1573 3053 
2808 1967 2749 
2932 2944 3023 
3052 348 574 
