10 91 259 276 281 1662 2203 1345 
12 53 86 1012 
35 629 1470 1988 2044 2114 
42 58 220 1307 1459 1635 1636 2011 2014 2051 2608 2969 3170 
48 969 2386 
54 74 804 1438 2770 3101 2502 3121 
65 183 257 385 702 774 971 1125 1137 1358 1549 1891 1956 1961 2179 2496 2511 2556 2866 2895 
76 776 911 
87 1570 2498 1941 
92 93 140 
106 476 1177 456 
107 3 94 
108 1396 2646 1271 
122 222 521 567 1917 2602 
125 465 929 1298 1700 2550 
128 386 1045 1456 1800 2294 2457 3199 459 624 1138 1490 2248 2789 
156 283 860 2358 2710 1068 2369 2900 2962 609 
163 322 368 497 645 666 1013 1166 2004 2779 2994 
185 1787 2854 
214 910 3203 
217 1317 1668 2486 
229 279 1264 1830 2778 1365 
234 251 260 262 280 367 383 384 726 818 832 852 936 1047 1094 1097 1122 1155 1195 1226 1229 1238 1452 1795 2050 2237 2366 2411 2426 2435 2689 2806 2816 3007 3106 3282 1746 
239 416 981 2587 2135 
242 1790 1859 
267 2095 2096 
268 269 540 966 
285 2250 2697 2992 
302 424 1144 1525 1861 1832 
318 1366 1457 1683 1934 
339 734 2870 2871 3196 
348 574 3052 
351 2859 2860 
354 475 1192 1250 1409 1610 1661 1797 484 1400 
378 788 1327 2063 914 
399 696 2249 
405 2264 2538 2607 3059 
425 1643 1644 
433 1786 2906 3093 
441 582 2747 
463 464 1970 
490 1007 1329 1371 1407 1517 1751 2720 2890 
504 533 2343 2437 2984 
516 1708 1874 1927 2066 3134 1593 
527 605 773 956 1631 1717 1779 1839 2124 2460 2685 2694 1173 2600 
562 1051 2157 
578 579 1437 2777 
620 803 3111 787 
671 1428 1542 1741 1972 2016 
709 791 1343 1442 
742 1252 1440 1524 2065 2145 2158 2159 2278 2489 2692 3079 3102 2375 
745 1999 3167 2331 1210 
752 1415 1788 1858 
759 955 1189 2089 2531 2666 
777 1394 1634 1671 2015 3022 
801 1332 1338 1425 2254 2917 
845 1199 2942 
862 1569 2671 
879 1103 2390 1102 
883 1228 1422 1498 1850 2463 3142 
939 2260 2566 2565 
948 995 996 1374 1603 1604 1605 1748 3025 3169 
1026 707 1171 1231 2057 2378 
1054 1614 2025 
1056 2423 2753 
1107 614 1724 1752 
1135 1362 1377 1780 
1204 1285 1686 2695 2776 1297 
1209 1947 2508 
1267 1582 2379 
1274 1334 1600 2043 2299 
1288 2919 3152 
1302 1959 3104 
1319 1328 1585 1586 
1324 1455 1515 1728 2148 1681 
1378 945 1022 
1383 2528 3117 3125 3238 
1405 265 1555 
1477 1478 1909 
1484 611 2530 
1573 2494 3053 
1627 1820 2882 
1667 1913 1965 2396 
1670 2187 2547 
1704 1711 2117 3172 
1840 436 1869 
1915 1948 1993 
1932 1291 1624 
2020 2021 2084 2551 
2127 2206 2207 2505 3135 3268 
2397 2540 3119 3136 
2701 959 1445 
2808 1967 2749 
2932 2944 3023 
2966 2971 3057 
3042 1011 1907 
3048 1625 1743 
