21 27 2637 3411 3412 3608 3792 
25 954 2927 2401 
26 633 656 1030 1902 4096 
29 712 895 951 3548 3845 4198 990 
30 1318 2223 308 
32 498 1073 3142 4068 
33 35 779 1344 2256 3390 3737 4013 
34 898 1101 1581 1648 2119 2855 4093 
41 183 1510 2373 
43 110 666 1622 2803 3039 
52 358 4185 4304 2888 2939 4170 
68 1170 1641 2243 1612 2359 
69 701 2347 2516 4006 4007 4211 
71 530 3092 4023 
72 544 1009 1501 2884 2936 3100 3246 753 918 1493 1749 4181 2124 983 984 550 
77 95 194 212 256 388 673 894 1042 1240 1295 1381 1472 1536 1768 1854 2086 2316 2421 2465 2566 2568 2569 3058 3193 3198 3282 3383 3433 3614 3647 3680 3878 3898 3911 4145 3892 
81 1256 4183 2508 
104 4311 4318 
108 874 1672 2053 2258 4194 981 1459 1460 467 1483 679 1365 1896 3159 2633 
115 1056 1232 2192 2725 
132 1431 2603 2743 2797 
134 3975 3976 4069 
137 728 2270 2487 4032 
138 494 818 2846 817 
142 218 652 2155 2193 2648 3033 3394 
145 566 608 2149 3423 
153 1463 2790 3471 4104 1613 4208 
158 343 1192 2141 3922 4233 2428 3921 4027 
163 606 2138 122 
173 1075 1897 2102 2103 3364 4031 4173 1557 2111 
191 2609 2661 
200 963 1580 3293 3296 3770 4072 4102 4106 
206 282 2045 2046 2877 
215 241 791 1449 1838 2072 2722 3000 3076 4125 273 
244 607 1066 2293 3570 4003 
245 3363 3466 3605 
254 342 593 754 1665 1877 2139 2249 3927 3992 4008 675 
259 594 928 929 1270 1524 1604 1616 1692 1807 2057 2088 2091 2125 2413 2580 2654 2813 3069 3071 3086 3485 3652 3895 4114 4150 2092 1706 2170 
261 579 2814 3891 2156 3244 
263 1499 3497 3609 4289 2112 2302 
283 454 547 778 877 1097 1117 1280 1409 1601 1773 2307 2398 2573 2906 2907 3449 3628 3642 3677 3773 3850 3887 3963 4139 2222 4073 
284 3110 3627 3629 4187 
287 643 1928 3230 3418 3859 
290 3145 3161 4290 
294 2559 2763 3669 4087 
305 316 523 625 749 922 1361 1444 2154 2485 2551 2778 2798 3123 3343 3760 4135 4178 
327 4109 4111 
329 969 3511 
332 1301 3825 
352 1833 1942 2309 2397 3625 1597 588 857 855 1596 1590 2802 
356 1283 2554 3113 3542 1265 
362 1413 4151 
364 456 2079 3998 
367 591 904 2664 2678 
374 446 463 514 1887 2375 3121 3395 3844 4148 
381 484 2692 
395 439 472 686 2493 2048 1062 539 3209 
397 989 1883 3336 
403 690 710 725 1250 1607 2482 2699 2700 4119 
408 1668 1757 2191 
418 812 2741 2779 977 4092 
429 430 2232 
435 935 2393 3839 
457 458 459 1099 1197 1700 
465 1862 2479 3398 
492 2261 2644 
502 1252 2670 3101 3833 3924 
503 612 2330 
505 3388 3452 3589 2116 
525 1658 2415 2764 
526 2147 2651 
541 1713 2075 
543 2836 3545 2910 
548 908 1272 1566 1944 2716 2834 4019 3130 1076 773 
552 592 2068 2177 
556 1527 3947 
558 2345 2403 
559 2414 3917 
561 1435 2218 2738 
589 1829 2098 
596 1873 4192 
605 1005 2140 996 
609 937 1855 610 1645 3495 
616 2436 3329 4270 
618 870 1770 2351 2352 
619 917 4275 2513 3413 
626 1439 4081 4147 
628 723 2067 2451 2689 3556 3820 4058 
649 1422 1690 3249 1817 
651 856 2719 3596 
655 1518 2151 2152 2781 2891 2911 2912 2938 1517 2903 
697 1155 1717 3543 
700 827 1172 1181 2323 
721 1640 2239 2329 2474 2662 3505 4118 4319 4321 
722 2370 2420 2579 
729 2145 2702 4000 
734 1357 1454 1881 2712 2993 3036 4071 775 
750 1168 1367 2717 
763 1261 2229 2422 4017 
810 1229 1368 1766 1800 2729 3664 958 1586 1852 2427 3595 4116 
865 993 2180 2948 3712 3793 1216 
897 1780 2008 
899 3163 3324 3348 4299 
901 2200 2477 2488 3381 
903 1205 1643 2271 2338 2652 3196 
924 2385 3276 
942 2565 2604 3912 
953 2175 3366 
955 1447 1934 2087 3271 
957 136 3346 
965 2336 2684 3420 
974 1592 2556 3295 4317 
978 1523 3847 1777 
1064 3059 3979 
1098 1618 4152 
1148 1416 1912 2066 1698 2788 
1173 2940 3365 
1182 2150 3876 3929 3945 
1199 1248 2186 2612 
1201 2959 3755 
1218 1488 2665 2874 
1234 3406 3663 4226 3434 
1262 2070 2085 2189 
1273 1274 2199 3257 
1276 1806 2101 2589 
1287 2389 3098 4293 4262 736 3260 
1289 1313 1804 2392 
1311 1627 3097 1092 2786 2842 3778 
1388 314 1245 
1492 2262 3633 
1644 2105 4206 
1762 2160 2894 3112 
1779 3404 3818 4300 1778 
1796 3330 4107 
1824 907 1585 
1845 2332 3298 
1884 2198 4176 4197 
2044 2574 3229 
2055 2056 2195 
2058 2584 3313 3597 4034 
2060 2033 2656 
2063 2120 2941 
2071 2161 2489 2618 2687 4037 
2183 2796 3088 
2209 2638 4199 2535 
2244 3337 3338 
2247 2368 2540 3347 
2321 2374 2396 3602 3721 3951 4251 
2344 2458 2536 2596 
2423 2424 3593 4254 
2459 2356 2534 
2463 2587 3410 3973 4172 2509 2657 144 
2476 398 3360 4012 3136 
2512 3823 3824 
2539 2811 3536 4036 
2552 2937 3834 
2553 3829 4162 
2649 3695 4190 
2674 2688 2843 
2767 2773 3853 3852 
2831 3012 3103 3812 
2973 2259 2406 
3044 240 902 3252 
3135 198 3515 
3280 926 2765 
3356 2851 3218 
3533 3534 3688 
3740 2129 2709 4051 
3923 1049 1246 
4064 2040 2915 
4156 2064 4021 
