29 895 951 
32 498 4068 
33 35 1344 2256 3390 4013 
77 194 1768 2086 2316 1295 1472 2421 3383 3614 
183 1510 2373 
294 2559 4087 
305 316 625 749 922 1361 1444 2485 2551 2778 2798 3123 3343 3760 4135 4178 
342 593 1665 2249 3927 3992 4008 
364 456 3998 
367 904 2664 2678 
374 463 1887 4148 
514 2375 3395 
561 1435 2738 
610 1645 3495 
628 723 2067 2451 
690 1250 2482 2699 2700 
712 3548 4198 
721 1640 2329 2474 3505 
722 2370 2420 2579 
763 1261 2422 4017 
810 1368 1766 1800 2729 3664 
901 2200 2488 3381 
955 1447 2087 3271 
974 1592 4317 2556 
1101 1581 4093 2855 
1170 1641 2243 
1173 2940 3365 
1276 2101 2589 
1289 1804 2392 
1422 1690 3249 
1431 2603 2743 2797 
1518 2151 2891 2911 2938 
1852 2427 3595 
2057 2125 3069 3086 3485 3652 
2058 3313 4034 
2102 2103 3364 
2112 2302 3609 4289 3497 
2124 1009 1749 
2198 4176 4197 
2321 2396 3602 3951 
2428 3921 4027 
2516 4006 4007 
3257 1273 1274 
3911 3878 3898 
3975 3976 4069 
