21 27 3411 3412 2637 3792 
29 712 895 951 3548 4198 990 
32 498 1073 4068 
33 35 779 1344 2256 3390 4013 
34 898 1101 1581 1648 2855 4093 2119 
41 183 1510 2373 
43 110 1622 2803 666 
53 2592 4161 
69 701 2516 4006 4007 4211 2347 
77 194 212 388 673 894 1295 1472 1768 1854 2086 2316 2421 2465 2568 2569 3058 3193 3282 3383 3433 3614 3647 3680 3878 3898 3911 4145 1042 256 3892 1381 95 1536 2566 
104 4311 4318 
108 874 981 1672 2053 1460 3159 1459 1483 467 1365 1896 2258 4194 
132 1431 2603 2743 2797 
134 3975 3976 4069 
138 494 818 
142 218 652 2155 2193 2648 3394 
145 566 608 2149 3423 
153 1463 2790 3471 4104 1613 4208 
158 1192 2141 4233 
163 606 2138 122 
173 1075 1897 2102 2103 3364 4031 
191 2609 2661 
200 963 1580 3293 3296 4072 4102 4106 
206 282 2046 2877 2045 
215 241 791 1449 1838 2722 3000 3076 2072 4125 
236 3007 3267 
244 607 2293 4003 3570 
251 865 3140 
254 342 593 1665 2139 2249 3927 3992 4008 754 1877 
259 928 929 1270 1524 1616 1807 2057 2088 2091 2125 2413 2580 2654 2813 3069 3071 3086 3485 3652 3895 4114 2092 
261 579 2814 3891 
283 454 547 778 1097 1117 1280 1409 1601 2307 2573 2907 3628 3642 3677 3773 3850 4139 2398 3449 
284 3110 3627 3629 4187 
287 643 1928 3230 3418 3859 
290 3145 4290 
294 2559 3669 4087 
305 316 523 625 749 922 1361 1444 2154 2485 2551 2778 2798 3123 3343 3760 4135 4178 
308 1318 2223 
327 4109 4111 
329 969 3511 
332 1301 3825 
343 2428 3921 3922 4027 
352 1833 1942 2309 3625 
358 52 4185 4304 2888 2939 4170 
364 456 2079 3998 
367 591 904 2664 2678 
374 446 463 514 1887 2375 3121 3395 3844 4148 
381 484 2692 
397 989 1883 3336 
403 690 710 725 1250 1607 2482 2699 2700 4119 
408 1668 1757 2191 
418 812 2741 2779 977 4092 
435 935 2393 3839 
439 472 539 1062 3209 395 686 2493 
457 458 459 1099 1197 1700 
492 2261 2644 
502 1252 2670 3101 3833 3924 
505 3388 3452 3589 2116 
541 1713 2075 
543 2836 2975 3545 
544 1501 2936 984 
548 1272 1566 1944 2834 4019 
556 1527 3947 
558 2345 2403 
559 2414 3917 
561 1435 2738 
588 1590 1597 1596 
589 1829 2098 
592 2068 2177 
596 217 1873 
605 1005 2140 
610 1645 3495 
618 870 1770 2351 2352 
626 1439 4081 4147 
628 723 2067 2451 2689 3556 3820 4058 
649 1422 1690 3249 1817 
651 856 2719 3596 
697 1155 1717 
700 827 1172 1181 2323 
721 1640 2329 2474 2662 3505 4321 
722 2370 2420 2579 
729 2145 2702 4000 
734 1357 1454 1881 3036 4071 775 
736 3098 4262 2389 4293 1287 
750 1168 1367 
753 918 2884 3246 1493 3100 1009 1749 2124 
763 1261 2229 2422 4017 
810 1368 1766 1800 2729 3664 
897 1780 2008 
899 3163 3324 3348 4299 
901 2200 2477 2488 3381 
903 1643 2271 2652 3196 1205 2338 
942 2565 3912 2604 
953 2175 3366 
955 1447 2087 3271 
957 136 3346 
958 1229 1586 1852 2427 3595 4116 
965 2336 2684 3420 
974 1592 2556 3295 4317 
993 2948 3712 2180 
1056 1232 2192 2725 
1092 1627 3097 
1098 1618 4152 
1170 1612 1641 2243 
1173 2940 3365 
1182 2150 3876 3929 3945 
1199 1248 2186 3419 
1218 1488 2665 2874 
1256 2508 4183 81 
1262 2070 2085 2189 
1273 1274 2199 3257 
1276 1806 2101 2589 
1289 1804 2392 
1416 1698 2066 2788 
1492 2262 3633 
1517 1518 2151 2152 2781 2891 2911 2912 2938 2903 
1557 2111 4173 
1739 210 448 3061 
1762 2160 2894 3112 
1779 3404 4300 
1796 3330 4107 
1983 1871 3977 
2058 3313 3597 4034 
2063 2120 2941 
2071 2161 2489 2618 2687 4037 
2112 2302 3497 3609 4289 
2183 2796 3088 
2195 2055 2056 
2198 4176 4197 
2244 3337 3338 
2247 2368 2540 3347 
2311 978 3847 
2321 2374 2396 3602 3721 3951 
2344 2458 2536 2596 
2423 2424 3593 4254 
2476 3360 4012 3136 
2535 2638 4199 
2539 2811 3536 4036 
2552 2937 3834 
2553 3829 4162 
2587 2463 3410 3973 4172 
2649 3695 4190 
2674 2688 2843 
2767 2773 3853 3852 
2831 3012 3103 3812 
2927 25 2401 
3229 2044 2574 
3276 924 2385 4144 
3329 616 2436 4270 
3406 3663 4226 1234 
3740 2129 2709 4051 
3824 2512 3823 
4064 2040 2915 
