29 895 951 
32 498 4068 
33 35 1344 2256 3390 4013 
34 2855 4093 1101 1581 
41 183 1510 2373 
69 701 2347 4211 
77 194 894 1295 1472 1768 2086 2316 2421 2568 3383 3614 673 212 
104 4311 4318 
132 1431 2603 2743 2797 
142 2193 2648 
145 608 2149 3423 
158 1192 2141 4233 
200 963 1580 4106 
218 2155 3394 
244 2293 4003 607 
254 2096 2139 
283 1117 2573 2907 3642 3677 1097 3628 
290 3145 4290 
294 2559 4087 
305 316 625 749 922 1361 1444 2485 2551 2778 2798 3123 3343 3760 4135 4178 
327 4109 4111 
342 593 754 1665 2249 3927 3992 4008 
343 3922 4027 2428 3921 
364 456 2079 3998 
367 904 2664 2678 
374 463 1887 4148 
403 690 1250 2482 2699 2700 725 4119 710 
418 812 2741 2779 
446 514 2375 3395 3121 
458 459 1099 
541 1713 2075 
561 1435 2738 
588 855 1597 
592 2068 2177 
610 1645 3495 
626 1439 4147 
628 723 2067 2451 3820 
700 1181 2323 
712 3548 4198 
721 1640 2329 2474 3505 
722 2370 2420 2579 
763 1261 2422 4017 
810 1368 1766 1800 2729 3664 
874 1459 1460 
898 1648 2119 
901 2200 2477 2488 3381 
903 2652 3196 
928 1270 2057 2125 3069 3086 3485 3652 
955 1447 2087 3271 
958 1229 1586 
974 1592 2556 4317 
989 1883 3336 397 
1009 1749 2124 
1170 1641 2243 
1173 2940 3365 
1256 2508 4183 
1273 1274 3257 
1276 2101 2589 
1289 1804 2392 
1422 1690 3249 
1492 2262 3633 
1518 2151 2152 2891 2911 2912 2938 2781 
1762 2160 2894 3112 
1770 2351 2352 
1833 352 2309 
1852 2427 3595 
1897 2103 3364 4031 2102 
2058 3313 4034 3597 
2112 2302 3609 4289 3497 
2175 953 3366 
2198 4176 4197 
2247 2368 2540 3347 
2321 2374 2396 3602 3721 3951 
2393 435 935 
2423 2424 4254 3593 
2516 4006 4007 
2539 3536 4036 
2604 2565 3912 
2674 2688 2843 
2767 2773 3853 
2874 1218 1488 
2888 4170 4304 2939 
2975 2413 3545 
3163 3348 4299 
3411 3412 3792 
3629 3110 4187 
3892 3898 3911 3878 
3975 3976 4069 
